#ProcessedFacebook0
#FastGreedy
#Time taken 0.0s
236,186,1
122,285,1
24,346,10
271,304,1
176,9,1
130,329,1
252,332,1
82,65,1
276,26,1
280,272,1
211,199,1
84,236,1
133,62,1
239,172,1
322,53,1
3,170,1
175,46,2
170,176,1
170,56,1
254,194,10
231,117,1
127,135,10
285,103,1
188,133,1
23,116,2
288,315,1
119,323,1
200,98,1
313,63,1
199,304,1
344,239,1
56,67,1
118,325,1
188,119,1
26,277,1
134,56,1
270,76,1
135,36,10
223,170,1
170,274,1
88,21,1
339,119,1
108,197,10
169,271,1
62,236,1
275,273,3
88,186,1
213,186,1
28,312,2
242,57,10
214,20,2
307,71,2
20,333,2
207,322,1
339,168,1
308,277,1
186,341,1
322,122,1
128,9,1
334,252,1
238,265,1
67,141,1
78,273,3
345,122,1
315,345,1
317,158,1
98,21,1
339,38,1
24,302,10
27,54,1
197,139,10
109,118,1
252,291,1
170,142,1
82,271,1
203,332,1
105,9,1
232,285,1
64,217,12
239,62,1
248,332,1
73,126,1
224,261,1
283,3,1
144,226,2
119,48,1
290,25,1
172,342,1
119,170,1
285,146,1
300,94,10
236,142,1
184,159,10
159,139,10
149,20,2
83,25,1
332,13,1
342,59,1
238,239,1
17,326,2
80,187,10
325,109,1
224,84,1
161,142,1
122,323,1
161,308,1
142,66,1
308,31,1
136,7,1
271,252,1
255,49,2
3,85,1
246,7,1
109,56,1
109,119,1
239,238,1
272,186,1
200,123,1
285,246,1
271,188,1
31,277,1
326,17,2
284,108,10
140,137,2
56,26,1
343,115,2
25,323,1
297,26,1
343,149,2
200,109,1
185,271,1
7,136,1
326,149,2
104,56,1
339,136,1
308,142,1
324,329,1
9,252,1
1,315,1
21,274,1
345,67,1
280,1,1
313,265,1
277,271,1
56,88,1
9,203,1
85,176,1
111,343,2
14,20,2
310,32,2
304,30,1
199,222,1
92,346,10
72,40,1
284,184,10
125,136,1
134,118,1
9,322,1
302,266,10
332,104,1
40,199,1
212,67,1
200,277,1
82,169,1
270,203,1
308,172,1
261,63,1
146,313,1
188,285,1
57,92,10
168,304,1
199,265,1
332,98,1
169,136,1
248,277,1
98,271,1
56,141,1
310,17,2
199,118,1
239,141,1
21,212,1
176,128,1
175,278,2
203,25,1
265,40,1
26,252,1
339,340,1
172,232,1
31,237,1
311,265,1
309,135,10
330,80,10
230,70,2
21,134,1
40,332,1
261,16,1
239,223,1
277,39,1
224,141,1
142,345,1
72,141,1
313,21,1
261,271,1
276,25,1
109,200,1
288,25,1
329,291,1
194,242,10
223,203,1
290,170,1
261,325,1
36,251,10
291,10,1
342,67,1
21,55,1
108,284,10
3,228,1
168,31,1
67,69,1
323,142,1
261,113,1
55,200,1
13,277,1
322,25,1
258,257,1
285,136,1
80,320,10
265,98,1
252,248,1
62,200,1
313,54,1
196,249,10
323,85,1
82,231,1
141,224,1
342,119,1
304,325,1
136,156,1
325,104,1
211,325,1
304,158,1
254,302,10
92,242,10
30,303,1
274,188,1
28,310,2
271,30,1
286,81,12
144,326,2
265,56,1
249,57,10
341,186,1
174,293,2
33,42,11
312,28,2
199,212,1
9,323,1
168,347,1
67,142,1
1,53,1
115,2,2
333,2,2
332,38,1
291,280,1
119,54,1
271,232,1
135,281,10
258,9,1
285,200,1
330,94,10
263,175,2
212,304,1
238,342,1
284,159,10
111,279,2
141,172,1
66,21,1
313,203,1
84,51,1
139,320,10
25,186,1
252,338,1
200,188,1
59,342,1
162,149,2
304,322,1
185,169,1
252,236,1
25,290,1
56,185,1
158,40,1
238,222,1
56,128,1
199,261,1
271,203,1
63,313,1
62,161,1
302,57,10
19,175,2
98,172,1
28,144,2
239,252,1
332,25,1
265,203,1
303,104,1
339,161,1
119,39,1
239,211,1
313,172,1
200,122,1
104,303,1
75,9,1
137,312,2
272,203,1
218,78,3
261,268,1
314,65,1
21,56,1
7,213,1
139,281,10
5,122,1
55,21,1
80,24,10
178,38,1
186,109,1
304,21,1
192,49,2
203,21,1
285,271,1
122,248,1
104,322,1
312,243,2
302,254,10
236,169,1
304,324,1
266,249,10
3,280,1
243,312,2
211,98,1
195,181,3
8,245,5
297,185,1
113,104,1
10,142,1
129,7,1
56,297,1
248,323,1
273,328,3
115,19,2
36,309,10
129,168,1
242,194,10
343,2,2
21,169,1
226,343,2
40,200,1
172,331,1
326,343,2
134,26,1
332,329,1
3,200,1
331,109,1
101,299,10
203,59,1
231,315,1
265,199,1
99,296,2
322,290,1
296,102,2
118,261,1
238,56,1
117,231,1
312,149,2
304,308,1
105,277,1
204,196,10
315,303,1
239,21,1
312,326,2
277,161,1
340,213,1
98,223,1
172,277,1
128,104,1
313,222,1
98,331,1
299,194,10
122,141,1
291,25,1
13,188,1
104,318,1
261,65,1
265,128,1
163,173,12
116,14,2
26,3,1
165,121,1
3,25,1
149,226,2
328,306,3
172,141,1
303,315,1
56,239,1
122,274,1
46,177,2
249,180,10
73,1,1
53,48,1
199,119,1
248,38,1
24,187,10
304,172,1
87,136,1
323,141,1
323,62,1
189,217,12
280,236,1
115,137,2
25,276,1
186,55,1
30,56,1
60,285,1
197,127,10
334,26,1
304,170,1
259,8,5
346,184,10
186,199,1
200,39,1
185,344,1
149,162,2
285,213,1
185,290,1
13,261,1
109,26,1
169,40,1
194,196,10
85,156,1
67,55,1
98,285,1
123,342,1
118,283,1
45,67,1
162,343,2
272,21,1
271,133,1
67,297,1
13,118,1
115,28,2
230,23,2
58,269,12
46,175,2
25,169,1
80,57,10
135,197,10
203,161,1
113,261,1
116,23,2
275,218,3
285,170,1
314,199,1
279,111,2
126,48,1
36,320,10
137,167,2
140,326,2
130,48,1
302,94,10
101,80,10
23,227,2
92,194,10
2,20,2
72,252,1
323,96,1
91,8,5
143,177,2
200,30,1
257,26,1
331,324,1
142,322,1
188,104,1
239,276,1
325,21,1
204,94,10
346,194,10
223,186,1
56,252,1
113,142,1
26,21,1
285,323,1
290,176,1
93,167,2
276,122,1
96,133,1
41,243,2
188,304,1
203,313,1
200,170,1
232,200,1
235,5,1
6,89,4
171,107,12
257,169,1
224,232,1
271,79,1
187,24,10
141,67,1
113,66,1
56,103,1
59,271,1
40,213,1
158,26,1
211,82,1
285,208,1
119,285,1
26,9,1
40,133,1
143,175,2
56,132,1
45,221,1
212,344,1
285,315,1
21,170,1
326,214,2
281,159,10
281,251,10
109,67,1
25,232,1
59,56,1
92,180,10
322,48,1
277,308,1
290,323,1
167,93,2
250,59,1
106,29,1
274,341,1
249,302,10
118,239,1
111,337,2
252,109,1
56,55,1
80,266,10
252,134,1
104,67,1
94,346,10
141,280,1
325,161,1
322,203,1
96,274,1
158,315,1
199,98,1
134,132,1
280,98,1
254,187,10
297,21,1
100,150,12
110,264,5
266,330,10
171,150,12
322,45,1
72,165,1
344,257,1
119,332,1
257,236,1
277,324,1
332,248,1
329,119,1
225,86,2
232,56,1
291,224,1
315,213,1
322,136,1
181,152,3
141,257,1
180,80,10
26,199,1
45,104,1
332,67,1
303,45,1
250,252,1
3,26,1
98,148,1
185,55,1
172,239,1
295,239,1
325,98,1
252,113,1
323,119,1
188,315,1
55,203,1
137,111,2
224,200,1
194,80,10
295,104,1
17,140,2
266,302,10
232,212,1
249,24,10
200,323,1
323,122,1
203,65,1
259,201,5
161,56,1
119,252,1
238,82,1
197,251,10
105,272,1
291,332,1
289,137,2
195,306,3
313,26,1
98,203,1
260,160,1
346,204,10
271,21,1
334,113,1
172,238,1
65,314,1
175,321,2
261,223,1
10,169,1
185,315,1
67,136,1
203,211,1
329,272,1
203,297,1
212,239,1
80,194,10
161,118,1
170,250,1
176,290,1
225,227,2
324,118,1
98,104,1
318,119,1
291,72,1
38,141,1
156,295,1
31,51,1
123,334,1
251,284,10
19,312,2
53,322,1
203,67,1
89,6,4
235,21,1
68,177,2
227,177,2
281,108,10
280,188,1
144,14,2
126,88,1
232,40,1
131,99,2
103,271,1
119,185,1
200,3,1
7,22,1
132,134,1
239,212,1
231,178,1
21,223,1
194,266,10
109,186,1
127,284,10
322,56,1
123,67,1
299,346,10
144,23,2
149,326,2
56,75,1
144,343,2
98,122,1
31,291,1
118,26,1
232,298,1
13,172,1
184,135,10
200,75,1
203,82,1
280,121,1
177,278,2
236,297,1
26,265,1
331,56,1
298,40,1
262,220,2
314,342,1
127,36,10
186,178,1
41,230,2
118,268,1
185,274,1
161,252,1
199,203,1
299,24,10
175,99,2
325,252,1
87,161,1
239,234,1
302,194,10
252,29,1
142,158,1
88,73,1
16,261,1
20,44,2
3,72,1
57,249,10
278,86,2
251,36,10
44,343,2
143,131,2
50,277,1
203,200,1
72,3,1
72,200,1
252,200,1
280,332,1
254,101,10
161,21,1
86,278,2
328,275,3
91,193,5
248,169,1
9,276,1
258,141,1
303,236,1
82,331,1
97,230,2
113,132,1
53,260,1
23,175,2
186,345,1
184,139,10
239,323,1
54,27,1
291,213,1
188,170,1
62,276,1
128,265,1
170,315,1
143,278,2
188,323,1
25,158,1
56,66,1
40,232,1
123,98,1
284,36,10
331,98,1
303,109,1
25,176,1
136,339,1
104,123,1
174,112,2
85,323,1
325,222,1
290,56,1
3,142,1
109,324,1
251,108,10
218,328,3
9,176,1
128,322,1
26,203,1
252,13,1
149,115,2
111,312,2
119,313,1
68,175,2
186,9,1
128,313,1
330,242,10
211,331,1
72,26,1
67,203,1
257,315,1
236,105,1
213,87,1
21,342,1
224,122,1
31,168,1
67,212,1
115,312,2
273,78,3
332,158,1
26,308,1
13,238,1
92,24,10
207,56,1
278,225,2
115,226,2
315,158,1
56,119,1
26,232,1
135,309,10
232,231,1
172,252,1
159,127,10
68,225,2
231,9,1
322,60,1
141,39,1
176,239,1
162,326,2
304,161,1
237,31,1
169,56,1
322,1,1
1,133,1
133,96,1
115,14,2
313,199,1
304,212,1
90,179,17
346,320,10
113,342,1
142,122,1
9,258,1
75,200,1
148,119,1
320,127,10
118,211,1
280,231,1
14,226,2
281,284,10
239,325,1
9,304,1
173,163,12
30,48,1
187,302,10
56,161,1
260,126,1
165,72,1
88,48,1
103,339,1
56,62,1
188,25,1
73,331,1
272,304,1
24,266,10
67,290,1
271,172,1
172,211,1
118,331,1
67,188,1
211,203,1
278,46,2
113,119,1
320,184,10
194,346,10
134,66,1
51,237,1
322,130,1
56,332,1
67,123,1
199,315,1
25,231,1
56,272,1
315,291,1
266,196,10
133,141,1
243,41,2
177,175,2
65,261,1
24,180,10
243,216,2
265,311,1
249,187,10
85,188,1
187,101,10
309,320,10
36,197,10
87,315,1
322,161,1
28,151,2
177,131,2
239,203,1
187,92,10
299,94,10
280,304,1
31,339,1
56,221,1
179,145,17
48,54,1
3,122,1
203,331,1
98,113,1
56,169,1
313,239,1
8,91,5
126,322,1
22,7,1
21,9,1
67,119,1
25,76,1
83,31,1
188,165,1
137,41,2
341,9,1
271,332,1
315,133,1
312,262,2
157,124,2
121,165,1
232,158,1
3,188,1
297,67,1
128,176,1
218,181,3
239,232,1
152,4,3
340,7,1
312,111,2
327,95,4
2,333,2
59,239,1
248,26,1
249,254,10
184,346,10
59,268,1
324,109,1
82,158,1
322,85,1
169,334,1
56,59,1
252,65,1
224,291,1
120,247,1
334,21,1
325,13,1
226,2,2
119,176,1
280,290,1
277,186,1
118,200,1
9,67,1
148,109,1
248,53,1
325,186,1
323,103,1
170,3,1
197,320,10
24,194,10
342,13,1
141,122,1
298,265,1
141,72,1
285,313,1
22,339,1
343,44,2
128,26,1
178,213,1
213,246,1
340,339,1
334,339,1
342,56,1
67,75,1
277,105,1
78,218,3
330,249,10
25,119,1
67,186,1
29,338,1
291,272,1
122,128,1
142,271,1
119,122,1
194,101,10
176,170,1
159,281,10
299,187,10
13,98,1
103,169,1
266,242,10
102,296,2
257,280,1
66,56,1
94,80,10
59,186,1
143,227,2
69,67,1
239,322,1
142,31,1
332,331,1
313,315,1
177,225,2
72,113,1
324,136,1
50,314,1
269,58,12
40,280,1
178,88,1
346,196,10
21,332,1
325,265,1
342,98,1
148,50,1
170,128,1
141,291,1
200,67,1
161,339,1
9,105,1
324,22,1
108,36,10
119,271,1
280,252,1
21,142,1
94,320,10
45,122,1
1,48,1
136,56,1
67,109,1
123,186,1
115,140,2
26,122,1
199,238,1
227,68,2
322,323,1
203,9,1
200,199,1
116,149,2
185,103,1
115,262,2
30,9,1
276,98,1
341,322,1
274,21,1
98,261,1
142,277,1
21,239,1
211,56,1
80,300,10
186,59,1
315,313,1
196,330,10
194,180,10
242,249,10
257,25,1
276,9,1
304,224,1
96,190,1
345,285,1
230,307,2
56,203,1
204,92,10
141,199,1
150,163,12
247,29,1
25,104,1
186,203,1
56,122,1
246,339,1
223,172,1
73,48,1
185,322,1
50,113,1
276,236,1
282,244,23
31,308,1
211,272,1
148,113,1
211,128,1
184,281,10
344,104,1
338,203,1
29,118,1
176,26,1
55,170,1
69,26,1
277,332,1
338,252,1
271,25,1
213,345,1
304,203,1
72,232,1
48,73,1
56,238,1
208,188,1
312,14,2
72,56,1
40,231,1
98,325,1
127,281,10
122,142,1
319,89,4
242,266,10
266,80,10
328,4,3
322,128,1
21,203,1
339,129,1
172,98,1
48,88,1
188,56,1
199,325,1
317,132,1
170,304,1
274,75,1
248,67,1
186,45,1
161,87,1
291,188,1
25,148,1
277,325,1
86,225,2
211,13,1
246,315,1
21,105,1
170,342,1
226,28,2
334,132,1
322,118,1
199,239,1
318,261,1
188,67,1
113,271,1
297,188,1
264,91,5
326,28,2
113,26,1
339,87,1
104,186,1
346,101,10
236,62,1
239,122,1
199,172,1
67,272,1
347,129,1
188,291,1
127,108,10
25,252,1
272,9,1
233,256,22
326,116,2
26,334,1
239,26,1
333,149,2
133,40,1
104,200,1
84,224,1
223,271,1
302,24,10
242,204,10
188,239,1
342,211,1
85,322,1
125,119,1
272,211,1
239,313,1
45,200,1
303,322,1
103,285,1
297,322,1
199,56,1
196,266,10
195,4,3
238,203,1
142,161,1
347,168,1
67,62,1
315,203,1
170,268,1
128,271,1
111,310,2
62,142,1
14,151,2
313,60,1
92,94,10
21,277,1
48,203,1
29,252,1
40,334,1
239,119,1
252,103,1
104,25,1
333,343,2
36,135,10
257,344,1
203,170,1
248,252,1
303,221,1
56,9,1
59,252,1
327,89,4
186,62,1
85,271,1
161,62,1
265,67,1
175,86,2
272,236,1
236,88,1
99,68,2
106,169,1
325,172,1
156,67,1
17,310,2
180,187,10
119,199,1
82,118,1
166,202,12
95,319,4
172,29,1
178,30,1
332,203,1
342,63,1
113,67,1
277,55,1
284,197,10
324,332,1
272,285,1
142,285,1
131,227,2
322,246,1
62,67,1
271,276,1
338,31,1
20,2,2
275,195,3
308,21,1
188,30,1
55,239,1
261,123,1
98,280,1
161,26,1
203,186,1
2,226,2
242,180,10
31,200,1
119,208,1
297,280,1
142,104,1
346,127,10
7,38,1
67,345,1
271,322,1
22,277,1
332,324,1
82,56,1
272,297,1
252,325,1
155,157,2
69,25,1
20,115,2
133,271,1
9,128,1
168,7,1
236,271,1
53,191,1
231,232,1
19,293,2
158,339,1
84,82,1
53,54,1
275,78,3
203,268,1
144,151,2
64,171,12
4,306,3
237,51,1
55,56,1
185,119,1
13,236,1
199,128,1
277,120,1
297,203,1
108,320,10
178,345,1
213,272,1
82,148,1
221,285,1
56,334,1
200,55,1
56,136,1
326,162,2
181,275,3
56,298,1
147,95,4
185,22,1
212,172,1
67,9,1
13,148,1
54,1,1
40,271,1
239,109,1
304,109,1
109,158,1
343,111,2
271,277,1
261,313,1
249,266,10
236,69,1
25,72,1
276,271,1
306,275,3
222,118,1
315,322,1
112,19,2
142,9,1
133,236,1
9,334,1
146,50,1
329,332,1
268,118,1
304,257,1
186,285,1
169,318,1
101,187,10
291,31,1
20,226,2
300,346,10
291,258,1
148,25,1
62,239,1
142,323,1
186,67,1
82,13,1
94,24,10
119,109,1
44,312,2
276,200,1
313,98,1
53,317,1
26,271,1
297,9,1
67,323,1
168,22,1
170,290,1
226,312,2
59,261,1
56,60,1
232,21,1
194,204,10
169,26,1
30,322,1
21,119,1
302,330,10
237,84,1
243,167,2
109,331,1
175,19,2
323,3,1
30,200,1
121,206,1
271,141,1
308,246,1
172,271,1
148,229,1
226,41,2
297,323,1
28,326,2
104,26,1
116,312,2
9,85,1
9,199,1
92,187,10
320,300,10
331,118,1
21,88,1
55,277,1
76,270,1
218,273,3
62,323,1
158,304,1
69,304,1
291,7,1
324,119,1
17,116,2
87,246,1
109,322,1
108,281,10
30,73,1
186,200,1
249,194,10
342,172,1
54,329,1
25,141,1
188,26,1
315,323,1
25,297,1
119,188,1
108,184,10
26,176,1
203,308,1
342,21,1
44,111,2
142,303,1
138,19,2
339,148,1
324,213,1
285,164,1
265,331,1
323,341,1
299,180,10
242,80,10
285,117,1
252,123,1
51,83,1
214,116,2
252,322,1
161,258,1
248,21,1
56,212,1
236,280,1
116,140,2
325,59,1
320,108,10
186,170,1
257,272,1
53,332,1
295,212,1
13,223,1
265,239,1
334,165,1
254,330,10
223,199,1
21,136,1
174,19,2
213,96,1
9,280,1
315,98,1
129,31,1
251,281,10
88,164,1
240,23,2
325,26,1
285,277,1
98,128,1
224,332,1
297,200,1
29,231,1
1,88,1
221,322,1
98,59,1
315,128,1
54,313,1
164,88,1
87,213,1
334,277,1
272,185,1
309,281,10
122,280,1
331,271,1
119,280,1
22,87,1
119,128,1
158,82,1
271,142,1
323,285,1
103,136,1
204,249,10
227,23,2
329,106,1
341,56,1
226,14,2
197,36,10
262,115,2
334,304,1
265,223,1
44,20,2
272,271,1
67,200,1
169,236,1
149,2,2
341,274,1
315,26,1
56,30,1
325,239,1
31,129,1
130,73,1
95,89,4
186,21,1
325,211,1
57,80,10
206,178,1
322,62,1
226,116,2
77,40,1
31,338,1
325,200,1
109,252,1
67,332,1
181,195,3
161,9,1
88,106,1
136,304,1
170,260,1
130,88,1
80,92,10
322,88,1
91,110,5
14,116,2
188,342,1
194,249,10
67,252,1
172,118,1
20,41,2
248,200,1
308,338,1
197,108,10
96,224,1
98,272,1
211,222,1
150,64,12
224,67,1
304,98,1
310,137,2
132,158,1
105,21,1
21,308,1
219,319,4
245,8,5
308,7,1
265,325,1
315,121,1
41,115,2
284,281,10
106,231,1
169,315,1
67,325,1
26,55,1
156,188,1
101,194,10
277,170,1
258,188,1
19,174,2
304,334,1
271,331,1
239,67,1
222,199,1
332,208,1
312,305,2
328,218,3
110,259,5
170,271,1
66,67,1
341,188,1
200,9,1
199,113,1
67,271,1
134,67,1
115,116,2
94,254,10
227,86,2
67,26,1
39,141,1
118,342,1
220,115,2
261,297,1
252,82,1
189,100,12
339,334,1
218,275,3
313,261,1
101,266,10
101,302,10
49,192,2
59,325,1
169,21,1
67,280,1
134,252,1
30,236,1
322,308,1
119,82,1
100,217,12
111,20,2
122,123,1
94,180,10
346,300,10
322,21,1
293,19,2
56,199,1
203,56,1
314,82,1
158,22,1
118,172,1
239,169,1
223,342,1
184,36,10
311,325,1
208,291,1
56,222,1
239,295,1
56,313,1
272,277,1
199,134,1
9,119,1
185,280,1
331,203,1
310,111,2
25,199,1
200,113,1
184,57,10
72,291,1
285,303,1
299,92,10
56,211,1
322,9,1
13,313,1
322,276,1
334,9,1
119,26,1
60,291,1
89,95,4
9,156,1
337,111,2
141,304,1
322,158,1
28,226,2
203,325,1
200,276,1
176,25,1
7,65,1
21,235,1
129,291,1
204,266,10
252,265,1
119,125,1
119,325,1
73,130,1
9,66,1
142,109,1
213,53,1
271,119,1
99,102,2
280,105,1
251,135,10
312,220,2
186,236,1
277,98,1
120,277,1
26,304,1
315,280,1
144,17,2
239,55,1
339,31,1
5,315,1
252,25,1
125,169,1
224,213,1
99,23,2
136,122,1
236,121,1
56,277,1
82,170,1
265,238,1
41,17,2
88,322,1
325,304,1
332,291,1
313,170,1
199,291,1
280,122,1
324,199,1
188,9,1
132,45,1
130,25,1
75,304,1
291,169,1
6,147,4
194,254,10
142,170,1
21,121,1
8,264,5
88,303,1
271,170,1
25,280,1
94,92,10
299,249,10
113,25,1
186,128,1
104,188,1
334,169,1
304,272,1
313,342,1
203,261,1
118,324,1
30,329,1
310,151,2
303,132,1
153,280,1
303,285,1
264,8,5
105,257,1
199,186,1
224,9,1
25,291,1
104,169,1
274,40,1
339,313,1
122,31,1
308,323,1
186,221,1
40,315,1
224,276,1
161,271,1
111,17,2
252,186,1
203,285,1
189,64,12
203,118,1
338,308,1
308,87,1
280,315,1
169,122,1
67,128,1
178,322,1
156,122,1
194,92,10
280,142,1
26,40,1
307,230,2
204,57,10
248,119,1
104,325,1
186,239,1
189,150,12
128,252,1
136,169,1
132,119,1
199,9,1
150,189,12
128,170,1
239,261,1
308,26,1
26,69,1
122,203,1
36,184,10
293,174,2
115,343,2
41,116,2
315,324,1
280,239,1
26,315,1
169,104,1
53,213,1
199,40,1
109,21,1
236,257,1
25,277,1
339,22,1
186,322,1
236,13,1
313,118,1
285,185,1
332,200,1
142,134,1
252,315,1
296,99,2
36,108,10
40,329,1
212,232,1
217,64,12
170,200,1
118,199,1
122,200,1
271,236,1
130,257,1
118,65,1
322,257,1
75,67,1
161,277,1
291,158,1
77,332,1
143,68,2
3,67,1
297,65,1
342,118,1
167,32,2
214,137,2
132,315,1
26,298,1
98,141,1
64,189,12
259,110,5
19,214,2
25,200,1
265,298,1
24,101,10
119,13,1
238,211,1
56,231,1
75,56,1
143,225,2
234,239,1
330,204,10
172,261,1
62,170,1
345,186,1
127,251,10
25,88,1
304,75,1
136,308,1
38,248,1
261,314,1
186,188,1
200,271,1
56,342,1
200,285,1
200,26,1
9,170,1
122,261,1
105,236,1
4,152,3
139,251,10
62,223,1
40,72,1
96,213,1
118,13,1
91,245,5
26,276,1
158,142,1
315,329,1
271,185,1
67,104,1
200,280,1
180,24,10
115,41,2
185,25,1
13,67,1
213,315,1
68,227,2
186,323,1
213,128,1
67,213,1
214,41,2
9,342,1
252,199,1
24,299,10
318,123,1
92,204,10
122,25,1
297,252,1
100,269,12
56,72,1
261,211,1
322,75,1
122,55,1
154,219,4
236,303,1
75,323,1
26,161,1
21,236,1
344,185,1
344,212,1
14,28,2
13,252,1
178,303,1
211,103,1
60,239,1
186,104,1
203,342,1
8,259,5
271,199,1
342,165,1
82,314,1
7,322,1
123,26,1
211,342,1
13,82,1
187,346,10
322,329,1
113,313,1
261,122,1
104,203,1
198,166,12
142,56,1
116,144,2
295,26,1
169,185,1
211,285,1
344,67,1
84,237,1
329,16,1
122,303,1
122,56,1
67,13,1
82,199,1
40,169,1
109,203,1
152,275,3
59,250,1
68,143,2
180,242,10
296,175,2
101,330,10
165,113,1
126,260,1
21,271,1
17,41,2
82,59,1
342,261,1
297,56,1
142,334,1
291,87,1
342,314,1
178,231,1
109,303,1
128,213,1
72,272,1
342,277,1
321,175,2
271,176,1
144,116,2
322,104,1
298,271,1
67,277,1
343,19,2
221,303,1
134,304,1
132,303,1
304,122,1
285,221,1
304,56,1
26,128,1
204,242,10
32,167,2
41,144,2
101,204,10
182,97,2
111,214,2
261,118,1
329,27,1
295,9,1
148,339,1
88,1,1
67,344,1
172,199,1
188,277,1
197,284,10
103,56,1
185,297,1
213,122,1
101,94,10
67,72,1
266,101,10
315,56,1
280,291,1
304,67,1
20,312,2
332,16,1
252,122,1
9,113,1
79,188,1
26,118,1
56,40,1
277,213,1
330,266,10
204,80,10
13,239,1
113,325,1
211,29,1
141,40,1
118,56,1
91,259,5
280,67,1
94,300,10
67,21,1
137,214,2
50,203,1
168,291,1
31,83,1
196,92,10
213,161,1
254,204,10
303,122,1
227,102,2
291,252,1
186,142,1
331,16,1
277,26,1
312,44,2
93,310,2
196,346,10
266,254,10
148,272,1
13,342,1
169,332,1
4,195,3
80,299,10
26,98,1
127,139,10
223,200,1
113,72,1
213,40,1
204,346,10
113,172,1
261,345,1
303,345,1
309,127,10
165,169,1
236,272,1
103,98,1
310,167,2
227,296,2
325,268,1
332,252,1
285,304,1
186,213,1
239,25,1
169,277,1
334,188,1
134,203,1
89,319,4
325,223,1
119,50,1
329,308,1
79,26,1
336,25,1
9,79,1
261,98,1
21,272,1
314,50,1
106,88,1
140,17,2
299,254,10
82,261,1
203,334,1
19,17,2
26,236,1
170,285,1
161,199,1
104,113,1
1,280,1
232,224,1
39,121,1
277,291,1
169,5,1
67,134,1
346,92,10
322,250,1
322,339,1
45,142,1
277,334,1
141,62,1
1,119,1
115,326,2
180,194,10
223,98,1
236,304,1
203,265,1
339,277,1
277,188,1
304,239,1
26,188,1
40,304,1
26,79,1
232,9,1
271,40,1
308,22,1
200,304,1
312,17,2
50,146,1
280,26,1
137,115,2
257,295,1
103,25,1
49,241,2
170,332,1
56,290,1
40,29,1
329,130,1
313,271,1
56,276,1
122,3,1
41,14,2
118,277,1
108,159,10
315,223,1
285,9,1
118,304,1
8,201,5
277,339,1
332,122,1
227,143,2
212,40,1
57,24,10
56,322,1
186,222,1
40,141,1
310,41,2
196,194,10
271,285,1
41,151,2
261,239,1
123,200,1
50,119,1
67,322,1
272,213,1
56,104,1
103,7,1
170,82,1
328,78,3
41,137,2
280,141,1
223,315,1
79,67,1
203,272,1
334,203,1
313,252,1
229,334,1
309,184,10
229,109,1
67,25,1
187,254,10
170,185,1
110,8,5
268,325,1
81,269,12
104,122,1
141,26,1
25,272,1
200,56,1
158,113,1
109,142,1
212,252,1
29,16,1
304,271,1
310,93,2
315,105,1
332,119,1
284,251,10
244,282,23
102,99,2
322,252,1
261,203,1
150,171,12
85,3,1
341,304,1
195,275,3
122,272,1
232,276,1
236,122,1
330,92,10
104,142,1
186,277,1
332,231,1
99,278,2
77,117,1
324,252,1
122,170,1
82,121,1
331,211,1
236,224,1
156,136,1
159,320,10
19,115,2
277,208,1
249,346,10
136,120,1
50,331,1
281,320,10
200,297,1
337,41,2
290,322,1
242,101,10
325,122,1
30,331,1
212,199,1
119,331,1
294,277,1
40,274,1
308,213,1
252,79,1
9,26,1
109,104,1
40,224,1
144,41,2
98,315,1
180,196,10
122,342,1
169,142,1
147,319,4
166,198,12
151,41,2
40,158,1
271,239,1
315,257,1
67,304,1
99,263,2
323,332,1
254,346,10
312,115,2
132,277,1
324,238,1
67,265,1
248,311,1
322,30,1
109,229,1
230,71,2
223,246,1
56,291,1
253,182,2
20,162,2
94,187,10
67,303,1
130,322,1
272,40,1
115,20,2
195,218,3
302,249,10
142,297,1
252,26,1
14,144,2
140,214,2
214,14,2
32,310,2
130,53,1
225,99,2
330,299,10
222,313,1
21,165,1
304,280,1
238,59,1
302,346,10
267,23,2
312,137,2
98,265,1
203,50,1
308,136,1
342,170,1
338,29,1
143,46,2
315,211,1
98,252,1
231,172,1
325,40,1
285,186,1
239,123,1
239,66,1
171,189,12
277,252,1
226,326,2
274,122,1
122,161,1
280,25,1
249,101,10
239,60,1
214,326,2
325,199,1
186,56,1
246,223,1
148,176,1
315,132,1
290,280,1
36,284,10
104,21,1
284,135,10
310,337,2
25,51,1
277,67,1
325,158,1
68,263,2
113,277,1
100,163,12
19,138,2
320,135,10
314,96,1
211,118,1
297,142,1
251,197,10
40,142,1
26,291,1
39,21,1
9,72,1
320,159,10
144,28,2
232,133,1
252,308,1
118,29,1
25,3,1
27,119,1
25,283,1
26,141,1
228,283,1
343,116,2
131,278,2
169,9,1
345,21,1
5,87,1
222,56,1
172,72,1
304,26,1
261,67,1
177,227,2
224,148,1
65,82,1
249,299,10
113,239,1
141,98,1
113,203,1
165,200,1
223,239,1
271,261,1
342,265,1
329,322,1
26,200,1
203,29,1
275,181,3
17,111,2
56,304,1
82,172,1
277,22,1
169,125,1
111,41,2
172,103,1
122,344,1
268,82,1
313,146,1
161,322,1
314,236,1
332,109,1
252,66,1
59,203,1
172,82,1
322,345,1
2,312,2
313,285,1
300,299,10
269,81,12
25,188,1
128,248,1
85,170,1
132,311,1
203,238,1
332,10,1
25,84,1
3,283,1
92,196,10
299,101,10
202,166,12
172,265,1
146,339,1
303,56,1
315,185,1
315,246,1
231,40,1
41,214,2
25,40,1
322,170,1
26,123,1
172,13,1
142,21,1
25,336,1
131,143,2
323,258,1
142,123,1
324,331,1
252,128,1
9,134,1
122,252,1
113,148,1
65,118,1
322,178,1
141,276,1
9,142,1
277,272,1
273,181,3
200,25,1
346,24,10
297,324,1
109,285,1
105,69,1
98,26,1
188,21,1
25,9,1
1,126,1
170,26,1
113,200,1
158,25,1
323,322,1
122,224,1
94,249,10
271,211,1
276,133,1
329,9,1
331,30,1
110,91,5
249,94,10
203,239,1
203,109,1
290,342,1
339,246,1
73,30,1
117,285,1
315,136,1
167,137,2
242,24,10
5,316,1
271,297,1
242,254,10
217,171,12
109,169,1
146,285,1
180,266,10
78,306,3
277,285,1
285,60,1
271,59,1
30,271,1
224,322,1
299,330,10
162,20,2
236,276,1
67,3,1
326,226,2
342,313,1
265,342,1
122,235,1
55,67,1
51,25,1
28,140,2
88,336,1
273,218,3
21,188,1
21,280,1
87,322,1
337,32,2
252,272,1
113,304,1
24,94,10
213,324,1
40,277,1
322,109,1
315,285,1
341,203,1
21,334,1
136,322,1
181,328,3
119,229,1
304,113,1
40,317,1
342,290,1
41,226,2
98,170,1
251,320,10
304,332,1
271,128,1
67,185,1
66,9,1
30,213,1
188,75,1
231,106,1
172,212,1
135,284,10
56,188,1
204,254,10
123,318,1
161,39,1
57,108,10
25,285,1
146,136,1
41,140,2
80,346,10
101,249,10
40,239,1
285,119,1
133,26,1
169,128,1
281,197,10
322,26,1
7,31,1
49,255,2
62,199,1
119,9,1
274,96,1
136,21,1
140,312,2
285,122,1
4,275,3
101,346,10
239,56,1
314,313,1
113,121,1
176,271,1
322,186,1
25,39,1
203,315,1
259,193,5
140,41,2
139,197,10
167,337,2
345,303,1
319,147,4
304,168,1
172,308,1
304,9,1
81,286,12
120,136,1
21,26,1
266,204,10
226,20,2
203,119,1
199,82,1
225,177,2
211,238,1
67,10,1
122,236,1
252,72,1
227,225,2
252,31,1
146,148,1
224,25,1
56,200,1
342,203,1
315,9,1
346,249,10
203,104,1
148,105,1
188,290,1
148,82,1
322,315,1
277,280,1
341,62,1
9,277,1
7,103,1
135,184,10
122,188,1
277,25,1
79,252,1
325,277,1
257,39,1
332,169,1
4,218,3
133,188,1
271,272,1
102,263,2
53,146,1
118,82,1
200,31,1
199,25,1
151,144,2
57,346,10
211,261,1
218,195,3
186,26,1
252,285,1
200,224,1
72,9,1
7,168,1
322,260,1
128,122,1
98,25,1
337,93,2
291,232,1
272,75,1
277,50,1
84,83,1
211,239,1
79,25,1
258,161,1
343,41,2
271,325,1
324,304,1
82,313,1
192,205,2
122,325,1
323,56,1
304,66,1
285,211,1
212,295,1
123,82,1
26,332,1
315,288,1
248,122,1
94,204,10
136,146,1
134,21,1
242,299,10
239,277,1
290,188,1
328,195,3
26,158,1
342,113,1
268,203,1
214,115,2
7,347,1
311,277,1
186,123,1
239,338,1
177,99,2
169,113,1
93,337,2
159,184,10
67,313,1
109,295,1
29,40,1
55,261,1
56,21,1
315,236,1
57,184,10
122,332,1
301,47,15
165,39,1
185,200,1
180,204,10
312,343,2
98,186,1
9,224,1
254,249,10
271,265,1
115,220,2
133,183,1
103,172,1
122,304,1
98,82,1
334,308,1
22,168,1
190,96,1
334,50,1
109,271,1
252,223,1
315,170,1
185,56,1
26,62,1
211,223,1
122,271,1
14,312,2
9,56,1
224,133,1
268,59,1
223,261,1
147,6,4
275,4,3
325,56,1
246,213,1
285,56,1
309,197,10
238,199,1
272,148,1
272,156,1
75,188,1
75,170,1
325,119,1
62,122,1
168,129,1
158,67,1
170,67,1
93,137,2
254,299,10
55,122,1
277,304,1
9,148,1
320,36,10
180,254,10
94,299,10
272,258,1
271,9,1
172,329,1
274,323,1
115,192,2
172,26,1
246,322,1
295,109,1
184,320,10
252,56,1
69,9,1
137,17,2
322,199,1
5,213,1
82,325,1
98,119,1
87,339,1
277,294,1
200,325,1
149,343,2
137,93,2
332,271,1
289,214,2
252,59,1
118,252,1
48,119,1
122,21,1
188,252,1
285,342,1
245,259,5
195,273,3
141,239,1
224,271,1
193,259,5
224,26,1
25,31,1
40,265,1
55,26,1
231,332,1
85,274,1
271,315,1
239,200,1
165,334,1
319,6,4
322,188,1
200,165,1
158,325,1
103,252,1
118,161,1
302,242,10
329,178,1
199,67,1
315,339,1
67,223,1
26,297,1
25,271,1
239,13,1
322,280,1
261,82,1
28,115,2
98,118,1
271,113,1
266,194,10
67,239,1
10,291,1
113,9,1
304,252,1
272,25,1
178,206,1
222,238,1
322,232,1
103,200,1
239,199,1
304,211,1
21,40,1
19,289,2
186,252,1
41,28,2
213,332,1
172,332,1
188,274,1
227,263,2
285,261,1
187,94,10
73,25,1
200,104,1
325,342,1
104,128,1
119,277,1
213,277,1
314,161,1
214,333,2
232,280,1
121,169,1
342,271,1
331,186,1
252,104,1
122,169,1
325,25,1
239,344,1
62,322,1
84,265,1
67,56,1
302,204,10
25,105,1
225,175,2
238,134,1
26,170,1
304,277,1
82,67,1
21,13,1
226,144,2
342,188,1
246,308,1
200,324,1
298,56,1
121,236,1
119,239,1
31,109,1
19,112,2
302,187,10
319,219,4
239,176,1
67,169,1
263,102,2
192,52,2
258,295,1
238,261,1
39,105,1
212,56,1
203,26,1
75,272,1
329,280,1
113,98,1
272,98,1
236,213,1
313,56,1
291,199,1
223,67,1
40,272,1
4,328,3
131,177,2
169,257,1
67,236,1
170,322,1
188,142,1
136,87,1
20,149,2
119,297,1
340,324,1
151,310,2
188,224,1
47,301,15
228,3,1
58,107,12
142,40,1
237,25,1
127,320,10
142,308,1
187,80,10
245,91,5
204,101,10
304,7,1
65,25,1
62,318,1
346,302,10
345,252,1
304,134,1
313,325,1
232,199,1
147,219,4
21,104,1
55,186,1
67,308,1
13,271,1
63,56,1
95,147,4
127,309,10
40,77,1
188,3,1
21,98,1
236,21,1
221,56,1
330,196,10
304,200,1
271,13,1
40,212,1
284,320,10
113,165,1
312,214,2
252,119,1
118,271,1
235,122,1
25,224,1
322,239,1
59,98,1
52,192,2
264,259,5
285,109,1
172,16,1
100,64,12
21,122,1
106,238,1
222,325,1
318,236,1
132,40,1
67,324,1
75,274,1
40,21,1
323,290,1
126,73,1
200,239,1
123,142,1
26,239,1
322,142,1
312,20,2
213,30,1
162,312,2
170,21,1
66,239,1
239,170,1
59,211,1
136,213,1
61,193,5
98,258,1
2,149,2
291,129,1
280,271,1
199,252,1
160,260,1
272,239,1
128,334,1
331,119,1
315,271,1
26,133,1
80,249,10
186,303,1
169,121,1
223,188,1
278,175,2
285,10,1
130,62,1
109,314,1
243,337,2
276,232,1
196,204,10
88,56,1
231,213,1
71,230,2
122,186,1
161,314,1
165,342,1
16,82,1
252,98,1
94,266,10
84,25,1
342,199,1
161,122,1
325,67,1
324,315,1
266,187,10
17,19,2
20,326,2
122,26,1
169,239,1
277,10,1
200,79,1
291,56,1
271,26,1
21,322,1
170,25,1
296,263,2
130,191,1
299,242,10
20,111,2
67,248,1
345,261,1
109,304,1
311,132,1
263,296,2
213,322,1
23,99,2
313,13,1
6,219,4
128,172,1
236,322,1
298,72,1
25,56,1
304,40,1
346,242,10
199,314,1
25,122,1
83,84,1
67,285,1
289,19,2
30,188,1
121,280,1
133,280,1
172,304,1
277,200,1
346,80,10
16,118,1
252,142,1
347,304,1
25,331,1
320,94,10
99,131,2
45,186,1
227,278,2
146,317,1
249,330,10
212,72,1
332,56,1
200,118,1
139,284,10
274,3,1
9,329,1
19,343,2
116,343,2
25,239,1
333,226,2
26,185,1
92,266,10
334,67,1
226,149,2
99,227,2
246,340,1
59,82,1
130,213,1
334,40,1
199,298,1
132,334,1
94,242,10
62,98,1
188,113,1
28,41,2
201,91,5
306,78,3
113,50,1
67,45,1
142,62,1
285,98,1
56,303,1
150,100,12
239,213,1
261,238,1
135,320,10
84,304,1
109,122,1
277,315,1
252,67,1
313,211,1
181,78,3
13,21,1
277,132,1
21,323,1
121,21,1
265,84,1
231,29,1
203,172,1
185,285,1
142,332,1
304,199,1
184,127,10
109,50,1
249,242,10
315,231,1
332,48,1
4,273,3
65,297,1
182,253,2
252,271,1
312,162,2
266,24,10
194,94,10
36,281,10
28,116,2
277,311,1
322,277,1
313,113,1
323,280,1
257,40,1
258,40,1
89,327,4
121,69,1
261,224,1
87,308,1
39,165,1
139,127,10
305,312,2
280,257,1
320,57,10
332,172,1
108,57,10
322,38,1
62,261,1
116,214,2
88,126,1
313,314,1
315,67,1
14,149,2
199,324,1
252,169,1
135,251,10
204,330,10
66,142,1
113,291,1
191,130,1
256,233,22
322,126,1
186,325,1
304,347,1
333,214,2
308,334,1
252,172,1
28,14,2
318,169,1
38,117,1
21,31,1
25,270,1
25,21,1
322,87,1
285,142,1
141,271,1
134,113,1
329,54,1
285,345,1
29,172,1
103,323,1
272,122,1
72,67,1
57,242,10
194,24,10
236,315,1
230,253,2
199,231,1
252,345,1
95,6,4
116,226,2
82,98,1
162,116,2
323,271,1
297,261,1
9,169,1
239,113,1
323,170,1
136,125,1
341,170,1
161,304,1
72,172,1
84,276,1
9,315,1
118,67,1
67,113,1
54,53,1
304,141,1
159,108,10
99,177,2
280,21,1
203,142,1
170,313,1
13,56,1
109,148,1
258,85,1
285,232,1
277,119,1
322,285,1
31,252,1
344,311,1
313,39,1
53,130,1
170,203,1
303,142,1
323,9,1
173,34,12
276,62,1
62,341,1
26,13,1
137,32,2
98,291,1
268,271,1
345,315,1
304,69,1
226,115,2
180,94,10
151,312,2
175,225,2
325,113,1
343,333,2
296,227,2
54,119,1
109,13,1
122,277,1
71,307,2
123,104,1
329,315,1
141,38,1
104,344,1
67,170,1
281,127,10
99,143,2
99,175,2
156,5,1
291,60,1
142,113,1
10,285,1
148,9,1
117,280,1
137,289,2
169,291,1
172,113,1
23,240,2
343,326,2
320,251,10
214,17,2
129,339,1
291,315,1
117,38,1
314,271,1
92,299,10
98,67,1
122,5,1
122,176,1
116,41,2
291,248,1
291,141,1
214,289,2
281,36,10
21,123,1
261,148,1
6,319,4
291,208,1
271,290,1
185,9,1
16,329,1
185,67,1
118,134,1
346,57,10
223,13,1
60,322,1
297,119,1
118,109,1
30,224,1
224,236,1
261,13,1
203,223,1
175,68,2
28,149,2
313,82,1
194,187,10
119,113,1
79,271,1
239,188,1
188,297,1
118,322,1
168,158,1
271,224,1
108,127,10
40,203,1
212,26,1
252,250,1
284,139,10
29,203,1
101,254,10
21,248,1
196,254,10
25,69,1
290,185,1
232,26,1
128,186,1
213,224,1
252,9,1
248,158,1
9,186,1
277,109,1
283,228,1
180,101,10
322,207,1
105,39,1
158,132,1
249,196,10
200,334,1
103,185,1
236,141,1
102,227,2
211,59,1
326,41,2
25,185,1
148,146,1
271,148,1
16,29,1
106,329,1
115,144,2
104,45,1
268,211,1
56,170,1
252,21,1
56,186,1
115,17,2
224,96,1
297,272,1
323,239,1
169,280,1
271,169,1
271,291,1
304,84,1
20,214,2
172,56,1
331,265,1
122,345,1
332,26,1
92,254,10
48,332,1
273,275,3
273,306,3
13,265,1
252,212,1
345,45,1
9,141,1
254,94,10
122,113,1
320,139,10
213,285,1
139,184,10
271,103,1
211,304,1
278,131,2
128,211,1
214,230,2
46,278,2
56,325,1
239,59,1
249,92,10
252,261,1
236,314,1
199,322,1
157,155,2
167,243,2
26,313,1
329,324,1
82,29,1
98,62,1
56,109,1
122,297,1
339,260,1
78,181,3
141,56,1
72,199,1
291,98,1
31,142,1
82,119,1
322,304,1
252,324,1
186,98,1
239,280,1
172,325,1
123,239,1
252,280,1
271,223,1
122,156,1
25,67,1
48,271,1
31,280,1
23,230,2
26,257,1
322,40,1
312,140,2
208,277,1
223,265,1
116,2,2
238,13,1
39,161,1
227,99,2
136,246,1
38,178,1
109,31,1
225,278,2
318,62,1
25,103,1
7,291,1
291,26,1
161,67,1
141,236,1
248,128,1
21,325,1
197,309,10
231,82,1
169,67,1
72,25,1
310,243,2
22,324,1
223,128,1
67,31,1
2,115,2
55,252,1
105,280,1
77,294,1
132,56,1
84,313,1
171,64,12
308,203,1
79,119,1
40,257,1
142,186,1
143,35,2
105,119,1
200,232,1
276,239,1
332,323,1
68,99,2
176,85,1
128,169,1
222,82,1
142,280,1
200,274,1
219,89,4
252,277,1
324,277,1
261,265,1
62,141,1
161,213,1
122,62,1
172,40,1
257,258,1
303,178,1
322,341,1
93,32,2
203,134,1
104,55,1
343,226,2
342,322,1
322,185,1
342,238,1
303,30,1
25,221,1
134,9,1
203,113,1
323,277,1
22,185,1
53,315,1
232,25,1
113,252,1
41,44,2
142,315,1
75,322,1
236,252,1
323,297,1
338,239,1
331,172,1
200,248,1
17,312,2
339,322,1
13,26,1
101,92,10
41,337,2
67,66,1
13,304,1
271,318,1
54,48,1
17,137,2
104,98,1
243,310,2
67,315,1
134,142,1
50,109,1
31,7,1
239,272,1
26,280,1
75,85,1
236,67,1
188,271,1
56,331,1
277,239,1
156,258,1
188,176,1
146,119,1
92,330,10
261,119,1
219,147,4
7,340,1
51,84,1
155,23,2
299,80,10
104,109,1
82,123,1
326,312,2
277,142,1
85,258,1
261,285,1
197,281,10
271,323,1
248,265,1
133,224,1
309,251,10
109,98,1
158,109,1
26,119,1
271,48,1
24,242,10
122,104,1
119,342,1
226,333,2
100,189,12
332,77,1
332,224,1
298,172,1
280,169,1
225,143,2
272,72,1
142,200,1
242,330,10
9,75,1
106,332,1
229,190,1
88,236,1
66,252,1
232,239,1
115,214,2
320,346,10
224,30,1
32,137,2
243,137,2
25,236,1
252,55,1
170,334,1
329,30,1
181,273,3
56,232,1
2,116,2
322,303,1
223,56,1
332,40,1
101,24,10
79,272,1
266,92,10
35,143,2
199,288,1
246,304,1
149,333,2
346,180,10
221,45,1
308,329,1
334,142,1
10,277,1
60,56,1
170,211,1
315,277,1
336,88,1
204,302,10
9,30,1
21,297,1
13,109,1
62,26,1
278,99,2
320,309,10
132,72,1
238,324,1
104,271,1
196,180,10
133,322,1
163,100,12
316,5,1
249,80,10
322,213,1
96,314,1
119,146,1
280,277,1
82,238,1
32,337,2
315,87,1
7,339,1
149,144,2
122,315,1
166,173,12
39,200,1
260,53,1
136,285,1
213,136,1
223,21,1
280,322,1
175,102,2
291,113,1
220,312,2
223,252,1
203,322,1
328,181,3
277,113,1
277,9,1
5,158,1
312,19,2
98,56,1
232,72,1
200,203,1
213,340,1
346,330,10
261,59,1
325,238,1
242,346,10
38,322,1
280,3,1
276,56,1
142,252,1
65,7,1
26,172,1
271,342,1
339,65,1
333,20,2
308,304,1
185,79,1
324,200,1
199,223,1
31,67,1
199,62,1
339,315,1
41,310,2
29,106,1
236,1,1
347,7,1
252,297,1
79,9,1
232,172,1
56,265,1
122,322,1
172,128,1
159,284,10
44,41,2
331,332,1
133,315,1
285,67,1
278,177,2
258,272,1
265,118,1
285,272,1
170,223,1
95,327,4
324,297,1
200,236,1
314,261,1
285,113,1
268,170,1
118,16,1
337,137,2
297,122,1
258,323,1
137,326,2
22,308,1
3,9,1
148,13,1
53,248,1
21,109,1
261,342,1
229,148,1
169,25,1
26,285,1
10,200,1
290,277,1
134,334,1
1,73,1
276,224,1
312,151,2
107,171,12
41,343,2
26,223,1
144,115,2
59,172,1
214,111,2
170,188,1
21,252,1
277,248,1
158,248,1
175,23,2
330,302,10
200,103,1
72,212,1
277,172,1
103,211,1
188,272,1
285,25,1
7,87,1
345,142,1
98,342,1
9,272,1
291,231,1
291,168,1
224,315,1
223,313,1
339,291,1
242,94,10
314,109,1
87,5,1
331,50,1
119,132,1
58,171,12
111,93,2
113,40,1
218,4,3
14,214,2
72,329,1
172,223,1
213,130,1
300,80,10
142,236,1
277,342,1
124,157,2
109,332,1
342,252,1
14,326,2
140,144,2
271,82,1
297,236,1
343,312,2
142,169,1
48,199,1
271,109,1
200,21,1
239,72,1
321,143,2
56,118,1
104,212,1
26,295,1
98,238,1
184,284,10
41,111,2
213,178,1
64,100,12
119,79,1
204,194,10
144,149,2
299,302,10
231,280,1
62,224,1
239,271,1
259,245,5
332,142,1
40,113,1
236,26,1
131,225,2
320,281,10
212,104,1
208,285,1
146,53,1
151,28,2
277,290,1
82,252,1
203,128,1
67,40,1
26,134,1
119,203,1
251,309,10
339,146,1
334,170,1
340,246,1
98,199,1
31,21,1
323,315,1
98,313,1
25,288,1
203,304,1
123,55,1
200,322,1
261,62,1
56,213,1
304,188,1
211,313,1
203,48,1
193,91,5
127,184,10
9,161,1
306,273,3
56,82,1
25,325,1
65,252,1
2,326,2
323,200,1
29,82,1
271,238,1
24,92,10
113,122,1
23,155,2
9,297,1
206,260,1
109,277,1
280,153,1
275,152,3
296,68,2
101,180,10
291,277,1
272,188,1
227,19,2
259,91,5
238,271,1
117,77,1
333,162,2
334,229,1
208,332,1
224,188,1
104,277,1
315,5,1
122,9,1
119,105,1
113,285,1
14,41,2
9,133,1
252,161,1
315,169,1
41,312,2
323,10,1
9,185,1
303,88,1
203,324,1
260,206,1
109,239,1
23,124,2
119,200,1
322,342,1
277,31,1
78,195,3
211,271,1
306,218,3
238,172,1
98,123,1
342,223,1
40,322,1
306,328,3
230,97,2
67,118,1
342,122,1
265,172,1
73,88,1
199,48,1
263,99,2
104,239,1
178,186,1
26,109,1
345,322,1
347,22,1
271,212,1
231,77,1
26,72,1
187,194,10
332,277,1
183,133,1
135,127,10
171,217,12
313,223,1
162,333,2
122,66,1
96,323,1
188,258,1
330,346,10
309,36,10
280,9,1
195,78,3
7,246,1
25,98,1
248,236,1
76,25,1
119,25,1
265,261,1
315,122,1
32,93,2
283,25,1
260,322,1
231,291,1
332,53,1
179,90,17
239,118,1
236,25,1
36,127,10
158,332,1
285,26,1
5,235,1
134,238,1
323,21,1
303,186,1
175,143,2
343,214,2
252,304,1
72,132,1
122,98,1
317,53,1
315,252,1
205,192,2
313,84,1
308,67,1
203,199,1
312,41,2
113,188,1
1,236,1
272,280,1
346,254,10
238,106,1
277,323,1
283,118,1
272,329,1
271,268,1
80,94,10
192,115,2
21,315,1
272,291,1
217,150,12
92,302,10
334,128,1
31,25,1
161,203,1
105,25,1
236,133,1
86,175,2
67,161,1
16,331,1
277,168,1
14,343,2
312,2,2
26,169,1
121,315,1
91,264,5
175,177,2
119,21,1
141,9,1
31,122,1
322,297,1
280,119,1
295,156,1
334,56,1
318,334,1
203,55,1
188,322,1
27,324,1
69,236,1
337,167,2
25,257,1
334,123,1
25,203,1
318,104,1
80,242,10
315,53,1
29,247,1
82,211,1
280,117,1
188,200,1
273,195,3
231,329,1
224,304,1
119,148,1
277,118,1
122,45,1
322,236,1
86,177,2
332,304,1
21,200,1
203,277,1
323,75,1
280,329,1
199,232,1
40,26,1
142,3,1
17,144,2
21,66,1
172,298,1
2,343,2
276,141,1
311,344,1
239,304,1
214,312,2
25,113,1
325,261,1
297,109,1
119,56,1
236,200,1
344,122,1
31,304,1
200,185,1
19,227,2
200,186,1
13,59,1
254,242,10
180,346,10
98,276,1
213,303,1
258,75,1
272,178,1
83,51,1
280,31,1
9,200,1
277,322,1
170,186,1
66,304,1
111,326,2
288,199,1
318,82,1
56,261,1
214,343,2
40,325,1
315,199,1
275,328,3
332,106,1
280,232,1
62,130,1
121,82,1
187,249,10
223,26,1
118,98,1
298,26,1
213,239,1
158,5,1
7,304,1
48,322,1
39,25,1
20,14,2
156,85,1
319,95,4
238,313,1
142,10,1
30,304,1
3,274,1
23,144,2
334,318,1
132,317,1
123,261,1
40,132,1
212,271,1
223,325,1
25,73,1
40,172,1
24,80,10
322,169,1
91,201,5
304,136,1
62,56,1
31,84,1
46,143,2
141,323,1
239,231,1
232,322,1
188,341,1
141,258,1
248,291,1
170,277,1
40,67,1
319,327,4
315,21,1
224,324,1
211,170,1
277,122,1
272,141,1
170,55,1
303,239,1
213,7,1
1,322,1
27,329,1
7,308,1
56,134,1
137,310,2
272,79,1
38,339,1
185,148,1
128,315,1
25,130,1
315,188,1
194,299,10
55,123,1
7,129,1
66,26,1
345,178,1
197,159,10
312,116,2
170,85,1
345,213,1
252,334,1
323,109,1
94,302,10
272,257,1
21,232,1
16,172,1
9,21,1
56,323,1
216,243,2
308,161,1
274,85,1
277,104,1
72,239,1
190,229,1
322,7,1
26,67,1
123,122,1
300,320,10
133,9,1
75,258,1
149,312,2
203,122,1
213,231,1
194,302,10
180,92,10
128,119,1
224,62,1
96,62,1
311,248,1
242,302,10
249,204,10
265,211,1
169,248,1
313,339,1
69,121,1
158,317,1
278,143,2
130,277,1
199,161,1
21,161,1
238,325,1
9,285,1
187,180,10
342,325,1
57,302,10
9,291,1
177,46,2
88,53,1
261,252,1
98,211,1
320,284,10
25,237,1
67,199,1
218,306,3
298,212,1
172,59,1
309,284,10
80,204,10
280,133,1
59,13,1
169,82,1
167,310,2
262,312,2
322,133,1
277,169,1
239,285,1
119,67,1
277,13,1
56,285,1
111,44,2
67,342,1
145,179,17
227,175,2
188,185,1
21,345,1
239,303,1
77,231,1
315,40,1
133,1,1
69,39,1
237,83,1
56,98,1
65,13,1
323,186,1
116,162,2
178,272,1
26,113,1
144,140,2
139,159,10
188,334,1
275,306,3
278,227,2
29,211,1
339,7,1
9,122,1
297,271,1
261,199,1
265,248,1
277,56,1
86,227,2
82,222,1
65,203,1
128,223,1
231,56,1
271,280,1
25,26,1
133,232,1
277,40,1
280,185,1
67,156,1
148,98,1
274,170,1
38,7,1
188,79,1
214,140,2
325,82,1
276,322,1
326,2,2
116,17,2
65,339,1
39,69,1
346,299,10
26,224,1
104,332,1
322,200,1
271,122,1
339,347,1
324,340,1
141,272,1
251,139,10
128,67,1
185,188,1
177,143,2
60,158,1
280,39,1
324,203,1
80,101,10
186,272,1
261,318,1
26,325,1
93,41,2
219,6,4
118,222,1
323,25,1
238,252,1
339,103,1
25,79,1
187,242,10
113,158,1
266,180,10
318,271,1
184,309,10
113,56,1
45,322,1
109,297,1
56,207,1
341,323,1
119,27,1
78,4,3
323,274,1
325,203,1
281,139,10
329,231,1
271,72,1
63,261,1
346,94,10
26,322,1
121,113,1
172,268,1
201,8,5
177,86,2
21,304,1
87,7,1
254,196,10
48,1,1
67,98,1
57,320,10
78,328,3
224,40,1
83,237,1
118,238,1
257,130,1
313,128,1
276,84,1
119,339,1
156,9,1
67,261,1
104,295,1
200,10,1
306,195,3
169,322,1
56,13,1
263,227,2
268,261,1
149,116,2
170,341,1
175,227,2
169,103,1
121,39,1
140,115,2
295,258,1
325,311,1
144,312,2
66,113,1
277,21,1
332,21,1
142,67,1
113,186,1
102,175,2
332,285,1
67,158,1
329,172,1
21,39,1
118,313,1
265,13,1
187,299,10
119,98,1
277,134,1
22,347,1
313,67,1
186,113,1
199,211,1
82,84,1
277,203,1
141,133,1
56,63,1
119,329,1
258,156,1
284,309,10
271,313,1
257,322,1
230,41,2
197,184,10
19,41,2
257,141,1
99,225,2
213,5,1
346,266,10
116,115,2
6,95,4
88,130,1
108,251,10
222,186,1
189,171,12
212,21,1
308,252,1
101,242,10
128,199,1
67,79,1
170,9,1
21,186,1
337,243,2
298,232,1
168,277,1
342,9,1
22,158,1
272,105,1
258,98,1
200,119,1
82,16,1
173,166,12
109,323,1
151,14,2
143,99,2
199,141,1
170,98,1
1,54,1
39,277,1
280,40,1
221,186,1
334,134,1
277,130,1
136,315,1
315,7,1
304,236,1
5,169,1
20,343,2
67,334,1
105,148,1
25,322,1
9,295,1
122,276,1
306,181,3
264,110,5
158,322,1
252,238,1
53,88,1
188,122,1
259,264,5
254,92,10
128,56,1
213,67,1
304,118,1
213,236,1
7,315,1
213,291,1
136,324,1
184,197,10
39,313,1
10,67,1
331,73,1
184,251,10
124,23,2
271,161,1
21,25,1
186,223,1
258,291,1
169,109,1
326,115,2
78,275,3
38,332,1
82,318,1
128,203,1
325,271,1
252,313,1
315,304,1
40,56,1
94,101,10
200,332,1
261,55,1
247,120,1
203,271,1
302,92,10
266,346,10
25,83,1
200,40,1
329,40,1
197,135,10
253,230,2
150,217,12
323,308,1
236,318,1
136,103,1
140,116,2
332,280,1
85,272,1
280,200,1
168,339,1
9,232,1
181,4,3
285,239,1
9,25,1
26,104,1
180,249,10
217,100,12
180,302,10
17,214,2
220,262,2
327,319,4
104,252,1
169,165,1
271,186,1
185,170,1
137,337,2
291,9,1
242,187,10
180,299,10
199,342,1
306,4,3
123,21,1
169,10,1
271,85,1
322,221,1
191,53,1
290,271,1
272,252,1
315,224,1
193,8,5
56,25,1
343,14,2
158,291,1
212,298,1
56,315,1
329,72,1
325,313,1
317,146,1
251,127,10
302,101,10
294,77,1
328,273,3
346,187,10
122,213,1
122,119,1
308,322,1
337,310,2
315,142,1
87,22,1
211,265,1
134,199,1
122,109,1
134,248,1
186,122,1
266,94,10
85,9,1
188,280,1
291,329,1
326,144,2
225,68,2
285,252,1
13,119,1
343,162,2
313,238,1
323,248,1
50,148,1
200,223,1
48,53,1
122,232,1
142,26,1
271,200,1
231,239,1
3,323,1
72,298,1
323,67,1
107,58,12
127,159,10
13,211,1
290,67,1
79,200,1
26,186,1
57,204,10
295,257,1
82,203,1
39,280,1
281,184,10
118,59,1
56,172,1
93,111,2
178,329,1
213,308,1
272,56,1
82,268,1
250,322,1
223,211,1
17,115,2
129,347,1
40,25,1
39,119,1
14,310,2
176,148,1
273,4,3
203,40,1
148,261,1
48,30,1
41,93,2
252,188,1
142,45,1
281,309,10
115,149,2
56,341,1
79,185,1
133,276,1
232,122,1
113,334,1
127,346,10
13,199,1
62,133,1
211,268,1
326,137,2
239,104,1
8,193,5
175,296,2
45,303,1
80,180,10
261,172,1
56,223,1
246,136,1
188,223,1
238,98,1
239,98,1
200,72,1
271,98,1
148,271,1
260,339,1
118,265,1
203,98,1
347,339,1
158,168,1
9,341,1
188,156,1
122,67,1
304,341,1
188,85,1
231,199,1
271,67,1
176,119,1
26,25,1
330,254,10
232,291,1
14,115,2
299,300,10
70,230,2
272,67,1
170,75,1
25,170,1
326,111,2
24,57,10
302,180,10
170,323,1
223,62,1
254,266,10
123,252,1
10,323,1
271,118,1
257,304,1
326,140,2
274,200,1
92,101,10
271,298,1
148,185,1
280,323,1
26,323,1
291,271,1
250,170,1
55,104,1
326,14,2
308,66,1
116,326,2
156,235,1
92,249,10
325,118,1
9,69,1
13,332,1
116,28,2
200,62,1
238,118,1
186,331,1
331,82,1
41,19,2
13,65,1
332,170,1
199,271,1
9,271,1
186,271,1
252,239,1
284,127,10
169,106,1
132,113,1
159,197,10
112,174,2
199,13,1
252,342,1
92,57,10
239,186,1
4,78,3
188,186,1
246,87,1
208,119,1
23,267,2
64,150,12
5,156,1
163,150,12
227,131,2
304,315,1
221,25,1
200,252,1
56,271,1
310,14,2
242,92,10
53,1,1
40,298,1
235,156,1
16,332,1
63,342,1
186,88,1
173,202,12
165,188,1
165,21,1
42,33,11
310,28,2
312,226,2
50,334,1
66,334,1
271,104,1
330,101,10
211,315,1
72,271,1
285,203,1
152,181,3
59,238,1
193,61,5
260,170,1
94,194,10
94,330,10
21,67,1
285,322,1
229,119,1
161,325,1
185,272,1
136,67,1
89,219,4
225,131,2
236,248,1
84,31,1
98,103,1
334,200,1
149,28,2
69,105,1
342,123,1
265,271,1
199,72,1
175,263,2
252,118,1
195,328,3
334,66,1
48,130,1
312,144,2
164,285,1
39,257,1
239,40,1
230,214,2
80,330,10
149,14,2
126,1,1
21,313,1
113,199,1
272,85,1
257,105,1
66,134,1
271,63,1
274,185,1
172,203,1
313,119,1
119,1,1
203,341,1
119,248,1
8,110,5
324,27,1
98,200,1
323,188,1
232,271,1
4,181,3
304,285,1
158,232,1
211,172,1
204,180,10
45,132,1
98,13,1
142,203,1
304,246,1
269,100,12
25,65,1
55,185,1
213,56,1
332,213,1
285,332,1
142,188,1
324,224,1
202,173,12
48,126,1
187,266,10
9,3,1
113,169,1
246,285,1
303,213,1
142,239,1
251,184,10
172,231,1
188,13,1
203,338,1
111,137,2
214,19,2
41,326,2
113,134,1
98,304,1
10,332,1
184,108,10
343,20,2
170,239,1
147,89,4
141,25,1
236,84,1
34,173,12
9,231,1
67,82,1
148,224,1
320,197,10
26,142,1
241,49,2
170,119,1
87,291,1
199,200,1
320,80,10
143,321,2
217,189,12
303,67,1
9,188,1
122,239,1
302,299,10
118,203,1
62,186,1
170,62,1
119,324,1
137,140,2
281,135,10
239,265,1
200,45,1
66,122,1
323,26,1
203,270,1
222,211,1
98,239,1
239,142,1
98,109,1
188,208,1
67,224,1
119,318,1
119,261,1
59,118,1
67,122,1
206,121,1
263,68,2
26,66,1
236,30,1
324,67,1
170,122,1
88,178,1
56,113,1
137,243,2
25,246,1
41,20,2
199,26,1
254,180,10
40,258,1
304,31,1
186,25,1
140,28,2
98,277,1
26,56,1
176,122,1
317,40,1
134,277,1
298,199,1
265,252,1
51,31,1
285,188,1
265,26,1
280,297,1
63,271,1
271,314,1
322,67,1
297,25,1
26,248,1
304,13,1
181,218,3
68,296,2
45,345,1
89,147,4
66,308,1
315,1,1
185,26,1
181,306,3
271,56,1
105,315,1
270,25,1
261,56,1
158,60,1
231,25,1
176,188,1
246,25,1
122,136,1
248,134,1
331,25,1
25,332,1
97,182,2
201,259,5
60,313,1
156,272,1
268,172,1
172,313,1
342,285,1
92,80,10
343,144,2
339,158,1
56,142,1
109,325,1
252,170,1
177,68,2
265,313,1
219,154,4
169,252,1
24,249,10
199,313,1
322,224,1
128,98,1
200,142,1
30,178,1
13,325,1
170,252,1
322,271,1
88,25,1
127,197,10
26,212,1
62,96,1
171,58,12
326,20,2
85,75,1
98,332,1
291,339,1
