#ProcessedFacebook0
#Walktrap
#Time taken 0.01562190055847168s
236,186,3
122,285,3
24,346,14
271,304,3
176,9,3
252,332,3
82,65,3
276,26,3
280,272,3
211,199,3
84,236,3
133,62,3
239,172,3
3,170,3
175,46,22
170,176,3
170,56,3
254,194,14
231,117,3
127,135,19
285,103,3
188,133,3
288,315,3
119,323,3
200,98,3
313,63,3
199,304,3
53,346,14
344,239,3
56,67,3
118,325,3
188,119,3
26,277,3
134,56,3
270,76,31
135,36,19
223,170,3
170,274,3
108,197,19
169,271,3
62,236,3
275,273,4
213,186,3
83,23,13
28,312,2
242,57,14
214,20,2
307,71,29
20,333,2
207,322,3
339,168,6
308,277,3
186,341,3
322,122,3
128,9,3
334,252,3
238,265,3
67,141,3
78,273,4
345,122,3
315,345,3
317,158,3
98,21,3
24,302,14
27,54,3
197,139,19
109,118,3
252,291,3
170,142,3
82,271,3
203,332,3
105,9,3
232,285,3
64,217,28
239,62,3
248,332,3
73,126,1
224,261,3
144,226,2
290,25,3
172,342,3
119,170,3
285,146,3
300,94,14
236,142,3
184,159,19
159,139,19
53,299,14
149,20,2
332,13,3
342,59,3
238,239,3
17,326,2
80,187,14
325,109,3
224,84,3
161,142,3
122,323,3
161,308,3
142,66,3
308,31,3
271,252,3
3,85,3
246,7,6
109,56,3
109,119,3
239,238,3
272,186,3
200,123,3
271,188,3
31,277,3
326,17,2
284,108,19
56,26,3
343,115,2
25,323,3
297,26,3
343,149,2
200,109,3
185,271,3
326,149,2
104,56,3
308,142,3
324,329,3
9,252,3
21,274,3
345,67,3
313,265,3
277,271,3
9,203,3
85,176,3
111,343,2
14,20,2
310,32,15
304,30,3
199,222,3
92,346,14
72,40,3
284,184,19
125,136,3
134,118,3
9,322,3
302,266,14
332,104,3
40,199,3
212,67,3
200,277,3
82,169,3
308,172,3
261,63,3
146,313,3
188,285,3
57,92,14
199,265,3
332,98,3
169,136,3
248,277,3
98,271,3
56,141,3
199,118,3
239,141,3
21,212,3
176,128,3
175,278,22
203,25,3
265,40,3
26,252,3
339,340,6
172,232,3
311,265,3
309,135,19
330,80,14
230,70,29
21,134,3
24,53,14
40,332,3
261,16,3
239,223,3
277,39,3
224,141,3
142,345,3
72,141,3
313,21,3
261,271,3
276,25,3
109,200,3
288,25,3
329,291,3
194,242,14
223,203,3
290,170,3
261,325,3
36,251,19
291,10,3
342,67,3
21,55,3
108,284,19
67,69,3
323,142,3
261,113,3
55,200,3
13,277,3
322,25,3
258,257,3
285,136,3
265,98,3
252,248,3
62,200,3
313,54,3
196,249,14
323,85,3
82,231,3
141,224,3
342,119,3
304,325,3
136,156,3
325,104,3
211,325,3
304,158,3
254,302,14
92,242,14
30,303,3
274,188,3
271,30,3
144,326,2
265,56,3
249,57,14
341,186,3
174,293,35
33,42,16
312,28,2
199,212,3
9,323,3
168,347,6
67,142,3
115,2,2
333,2,2
332,38,3
291,280,3
119,54,3
271,232,3
135,281,19
258,9,3
285,200,3
330,94,14
263,175,22
212,304,3
238,342,3
284,159,19
141,172,3
66,21,3
313,203,3
139,320,19
25,186,3
252,338,3
200,188,3
59,342,3
162,149,2
304,322,3
185,169,3
252,236,3
25,290,3
56,185,3
158,40,3
238,222,3
56,128,3
199,261,3
271,203,3
63,313,3
62,161,3
302,57,14
98,172,3
28,144,2
239,252,3
332,25,3
265,203,3
303,104,3
119,39,3
239,211,3
313,172,3
200,122,3
104,303,3
75,9,3
272,203,3
218,78,4
261,268,3
314,65,3
21,56,3
139,281,19
5,122,3
55,21,3
80,24,14
178,38,3
186,109,3
304,21,3
203,21,3
285,271,3
122,248,3
104,322,3
302,254,14
236,169,3
304,324,3
266,249,14
3,280,3
211,98,3
195,181,4
8,245,7
297,185,3
113,104,3
10,142,3
129,7,6
56,297,3
248,323,3
273,328,4
36,309,19
129,168,6
242,194,14
343,2,2
21,169,3
226,343,2
40,200,3
172,331,3
326,343,2
134,26,3
332,329,3
3,200,3
331,109,3
101,299,14
203,59,3
231,315,3
265,199,3
99,296,22
322,290,3
296,102,22
118,261,3
238,56,3
117,231,3
312,149,2
304,308,3
105,277,3
204,196,14
315,303,3
239,21,3
312,326,2
277,161,3
98,223,3
172,277,3
128,104,3
313,222,3
98,331,3
299,194,14
122,141,3
291,25,3
13,188,3
104,318,3
261,65,3
265,128,3
116,14,2
26,3,3
165,121,3
3,25,3
149,226,2
328,306,4
172,141,3
303,315,3
56,239,3
122,274,3
46,177,22
249,180,14
73,1,1
199,119,3
248,38,3
24,187,14
304,172,3
323,141,3
323,62,3
189,217,28
280,236,3
25,276,3
186,55,3
30,56,3
60,285,3
197,127,19
334,26,3
304,170,3
259,8,7
186,199,3
200,39,3
185,344,3
149,162,2
285,213,3
185,290,3
13,261,3
109,26,3
169,40,3
194,196,14
85,156,3
67,55,3
98,285,3
123,342,3
45,67,3
162,343,2
272,21,3
271,133,3
67,297,3
13,118,3
115,28,2
46,175,22
25,169,3
80,57,14
135,197,19
203,161,3
113,261,3
275,218,4
285,170,3
314,199,3
126,48,1
36,320,19
137,167,15
140,326,2
130,48,1
302,94,14
101,80,14
92,194,14
2,20,2
72,252,3
323,96,3
91,8,7
143,177,22
200,30,3
257,26,3
331,324,3
142,322,3
188,104,3
239,276,3
325,21,3
204,94,14
346,194,14
223,186,3
56,252,3
113,142,3
26,21,3
285,323,3
290,176,3
93,167,15
276,122,3
96,133,3
188,304,3
203,313,3
200,170,3
232,200,3
235,5,3
6,89,5
257,169,3
224,232,3
271,79,3
187,24,14
141,67,3
113,66,3
56,103,3
59,271,3
40,213,3
158,26,3
211,82,3
285,208,3
119,285,3
26,9,3
40,133,3
143,175,22
56,132,3
45,221,3
212,344,3
285,315,3
21,170,3
326,214,2
281,159,19
281,251,19
109,67,3
25,232,3
59,56,3
92,180,14
277,308,3
290,323,3
167,93,15
250,59,3
106,29,3
274,341,3
249,302,14
118,239,3
252,109,3
56,55,3
80,266,14
252,134,3
104,67,3
94,346,14
141,280,3
325,161,3
322,203,3
96,274,3
158,315,3
199,98,3
134,132,3
280,98,3
254,187,14
297,21,3
100,150,28
110,264,7
266,330,14
171,150,28
322,45,3
72,165,3
344,257,3
119,332,3
257,236,3
277,324,3
332,248,3
329,119,3
225,86,22
232,56,3
291,224,3
53,196,14
315,213,3
322,136,3
181,152,4
141,257,3
180,80,14
26,199,3
45,104,3
332,67,3
303,45,3
250,252,3
3,26,3
98,148,3
185,55,3
172,239,3
295,239,3
325,98,3
252,113,3
323,119,3
188,315,3
55,203,3
224,200,3
194,80,14
295,104,3
17,140,2
266,302,14
232,212,3
249,24,14
200,323,3
323,122,3
203,65,3
259,201,7
161,56,3
119,252,3
238,82,3
197,251,19
105,272,3
291,332,3
195,306,4
313,26,3
98,203,3
346,204,14
271,21,3
334,113,3
172,238,3
65,314,3
175,321,22
261,223,3
10,169,3
185,315,3
67,136,3
203,211,3
329,272,3
203,297,3
212,239,3
80,194,14
161,118,3
170,250,3
176,290,3
225,227,22
324,118,3
98,104,3
318,119,3
291,72,3
38,141,3
156,295,3
123,334,3
251,284,19
203,67,3
89,6,5
235,21,3
68,177,22
227,177,22
281,108,19
280,188,3
144,14,2
126,88,1
232,40,3
131,99,22
103,271,3
119,185,3
200,3,3
7,22,6
132,134,3
239,212,3
231,178,3
21,223,3
194,266,14
109,186,3
127,284,19
322,56,3
123,67,3
299,346,14
149,326,2
56,75,3
144,343,2
98,122,3
31,291,3
118,26,3
232,298,3
13,172,3
184,135,19
200,75,3
203,82,3
280,121,3
177,278,22
236,297,3
26,265,3
331,56,3
298,40,3
262,220,2
314,342,3
127,36,19
94,53,14
186,178,3
118,268,3
185,274,3
161,252,3
199,203,3
299,24,14
175,99,22
325,252,3
239,234,3
302,194,14
252,29,3
142,158,3
88,73,1
16,261,3
20,44,2
3,72,3
57,249,14
278,86,22
251,36,19
44,343,2
143,131,22
50,277,3
203,200,3
72,3,3
72,200,3
252,200,3
280,332,3
254,101,14
161,21,3
86,278,22
328,275,4
91,193,7
248,169,3
9,276,3
258,141,3
303,236,3
82,331,3
113,132,3
186,345,3
184,139,19
239,323,3
54,27,3
291,213,3
188,170,3
62,276,3
128,265,3
170,315,3
143,278,22
188,323,3
25,158,3
56,66,3
40,232,3
123,98,3
284,36,19
331,98,3
303,109,3
25,176,3
104,123,3
174,112,35
85,323,3
325,222,3
290,56,3
3,142,3
109,324,3
251,108,19
218,328,4
9,176,3
128,322,3
26,203,3
252,13,3
149,115,2
111,312,2
119,313,3
68,175,22
186,9,3
128,313,3
330,242,14
211,331,3
72,26,3
67,203,3
257,315,3
236,105,3
21,342,3
224,122,3
67,212,3
115,312,2
273,78,4
332,158,3
26,308,3
13,238,3
92,24,14
207,56,3
278,225,22
115,226,2
315,158,3
56,119,3
26,232,3
135,309,19
232,231,3
172,252,3
159,127,19
68,225,22
231,9,3
322,60,3
141,39,3
266,53,14
176,239,3
162,326,2
304,161,3
169,56,3
133,96,3
115,14,2
313,199,3
304,212,3
90,179,33
113,342,3
142,122,3
9,258,3
75,200,3
148,119,3
320,127,19
118,211,3
280,231,3
14,226,2
281,284,19
239,325,3
9,304,3
187,302,14
56,161,3
260,126,1
165,72,3
88,48,1
56,62,3
188,25,3
272,304,3
24,266,14
67,290,3
271,172,3
172,211,3
118,331,3
67,188,3
211,203,3
278,46,22
113,119,3
320,184,19
194,346,14
134,66,3
51,237,13
56,332,3
67,123,3
199,315,3
25,231,3
56,272,3
315,291,3
266,196,14
133,141,3
177,175,22
65,261,3
24,180,14
265,311,3
249,187,14
85,188,3
187,101,14
309,320,19
36,197,19
322,161,3
28,151,2
177,131,22
239,203,3
187,92,14
299,94,14
280,304,3
56,221,3
179,145,33
3,122,3
203,331,3
53,254,14
98,113,3
56,169,3
313,239,3
8,91,7
22,7,6
21,9,3
67,119,3
188,165,3
341,9,3
271,332,3
315,133,3
312,262,2
121,165,3
232,158,3
3,188,3
297,67,3
128,176,3
218,181,4
239,232,3
152,4,4
340,7,6
312,111,2
327,95,5
2,333,2
59,239,3
248,26,3
249,254,14
59,268,3
324,109,3
82,158,3
322,85,3
169,334,3
56,59,3
252,65,3
224,291,3
120,247,37
334,21,3
325,13,3
226,2,2
119,176,3
280,290,3
277,186,3
118,200,3
9,67,3
148,109,3
325,186,3
323,103,3
170,3,3
197,320,19
24,194,14
342,13,3
141,122,3
298,265,3
141,72,3
285,313,3
22,339,6
343,44,2
128,26,3
178,213,3
340,339,6
342,56,3
67,75,3
277,105,3
78,218,4
330,249,14
25,119,3
67,186,3
29,338,3
291,272,3
122,128,3
142,271,3
119,122,3
194,101,14
176,170,3
159,281,19
299,187,14
13,98,3
103,169,3
266,242,14
102,296,22
257,280,3
66,56,3
94,80,14
59,186,3
143,227,22
69,67,3
239,322,3
142,31,3
332,331,3
313,315,3
177,225,22
72,113,3
324,136,3
50,314,3
40,280,3
346,196,14
21,332,3
325,265,3
342,98,3
148,50,3
170,128,3
141,291,3
200,67,3
9,105,3
108,36,19
119,271,3
280,252,3
21,142,3
45,122,3
1,48,1
136,56,3
67,109,3
123,186,3
115,140,2
26,122,3
199,238,3
227,68,22
322,323,3
203,9,3
200,199,3
116,149,2
185,103,3
115,262,2
30,9,3
276,98,3
341,322,3
274,21,3
98,261,3
142,277,3
21,239,3
211,56,3
80,300,14
186,59,3
315,313,3
196,330,14
194,180,14
242,249,14
257,25,3
276,9,3
304,224,3
345,285,3
230,307,29
56,203,3
204,92,14
141,199,3
25,104,3
242,53,14
186,203,3
56,122,3
246,339,6
223,172,3
73,48,1
185,322,3
50,113,3
276,236,3
282,244,56
31,308,3
211,272,3
148,113,3
211,128,3
184,281,19
344,104,3
338,203,3
29,118,3
176,26,3
55,170,3
69,26,3
277,332,3
338,252,3
271,25,3
213,345,3
304,203,3
72,232,3
48,73,1
56,238,3
208,188,3
312,14,2
72,56,3
40,231,3
98,325,3
127,281,19
122,142,3
319,89,5
242,266,14
266,80,14
328,4,4
322,128,3
21,203,3
339,129,6
172,98,3
48,88,1
188,56,3
199,325,3
317,132,3
170,304,3
274,75,3
248,67,3
186,45,3
291,188,3
25,148,3
277,325,3
86,225,22
211,13,3
21,105,3
170,342,3
226,28,2
334,132,3
190,23,13
322,118,3
199,239,3
318,261,3
188,67,3
113,271,3
297,188,3
264,91,7
326,28,2
113,26,3
339,87,6
104,186,3
346,101,14
236,62,3
239,122,3
199,172,3
67,272,3
347,129,6
188,291,3
127,108,19
25,252,3
272,9,3
233,256,54
326,116,2
26,334,3
239,26,3
333,149,2
133,40,3
104,200,3
84,224,3
223,271,3
302,24,14
242,204,14
188,239,3
342,211,3
85,322,3
125,119,3
272,211,3
239,313,3
45,200,3
303,322,3
103,285,3
297,322,3
199,56,3
196,266,14
195,4,4
238,203,3
142,161,3
347,168,6
67,62,3
315,203,3
170,268,3
128,271,3
62,142,3
14,151,2
313,60,3
92,94,14
21,277,3
29,252,3
40,334,3
239,119,3
252,103,3
104,25,3
333,343,2
36,135,19
257,344,3
203,170,3
248,252,3
303,221,3
56,9,3
59,252,3
327,89,5
186,62,3
85,271,3
161,62,3
265,67,3
175,86,22
272,236,3
99,68,22
106,169,3
325,172,3
156,67,3
180,187,14
119,199,3
82,118,3
95,319,5
172,29,3
178,30,3
332,203,3
342,63,3
113,67,3
277,55,3
284,197,19
324,332,3
272,285,3
142,285,3
131,227,22
62,67,3
204,53,14
271,276,3
338,31,3
20,2,2
275,195,4
308,21,3
188,30,3
55,239,3
261,123,3
98,280,3
161,26,3
203,186,3
2,226,2
242,180,14
31,200,3
119,208,3
297,280,3
142,104,3
67,345,3
271,322,3
332,324,3
82,56,3
272,297,3
252,325,3
155,157,40
69,25,3
20,115,2
133,271,3
9,128,3
168,7,6
236,271,3
53,191,14
231,232,3
84,82,3
275,78,4
203,268,3
144,151,2
64,171,28
4,306,4
237,51,13
55,56,3
185,119,3
13,236,3
199,128,3
297,203,3
108,320,19
178,345,3
213,272,3
82,148,3
221,285,3
56,334,3
200,55,3
56,136,3
326,162,2
181,275,4
56,298,3
147,95,5
212,172,3
67,9,3
13,148,3
40,271,3
239,109,3
304,109,3
109,158,3
343,111,2
271,277,3
261,313,3
249,266,14
236,69,3
25,72,3
276,271,3
306,275,4
222,118,3
315,322,3
142,9,3
133,236,3
9,334,3
146,50,3
329,332,3
268,118,3
304,257,3
186,285,3
169,318,3
101,187,14
291,31,3
20,226,2
300,346,14
291,258,3
148,25,3
62,239,3
142,323,3
186,67,3
82,13,3
94,24,14
119,109,3
44,312,2
276,200,3
313,98,3
26,271,3
297,9,3
67,323,3
168,22,6
170,290,3
226,312,2
59,261,3
56,60,3
232,21,3
194,204,14
169,26,3
30,322,3
21,119,3
302,330,14
243,167,15
109,331,3
323,3,3
30,200,3
271,141,3
172,271,3
148,229,3
226,41,2
297,323,3
28,326,2
104,26,3
116,312,2
9,85,3
9,199,3
92,187,14
331,118,3
55,277,3
76,270,31
218,273,4
62,323,3
158,304,3
69,304,3
324,119,3
17,116,2
87,246,6
109,322,3
108,281,19
186,200,3
249,194,14
342,172,3
54,329,3
25,141,3
188,26,3
315,323,3
25,297,3
119,188,3
108,184,19
26,176,3
203,308,3
342,21,3
44,111,2
142,303,3
138,19,12
324,213,3
265,331,3
323,341,3
299,180,14
242,80,14
285,117,3
252,123,3
51,83,13
214,116,2
252,322,3
161,258,3
248,21,3
56,212,3
236,280,3
116,140,2
325,59,3
320,108,19
186,170,3
257,272,3
295,212,3
13,223,3
265,239,3
334,165,3
254,330,14
223,199,3
21,136,3
213,96,3
9,280,3
315,98,3
251,281,19
88,164,1
240,23,13
325,26,3
285,277,3
98,128,3
224,332,3
297,200,3
29,231,3
1,88,1
221,322,3
98,59,3
315,128,3
54,313,3
164,88,1
334,277,3
272,185,3
309,281,19
122,280,3
331,271,3
119,280,3
22,87,6
119,128,3
158,82,3
271,142,3
323,285,3
103,136,3
204,249,14
329,106,3
341,56,3
226,14,2
197,36,19
262,115,2
334,304,3
265,223,3
44,20,2
272,271,3
67,200,3
169,236,3
149,2,2
341,274,3
315,26,3
56,30,3
325,239,3
130,73,1
95,89,5
186,21,3
325,211,3
57,80,14
322,62,3
226,116,2
77,40,3
31,338,3
325,200,3
109,252,3
67,332,3
181,195,4
161,9,3
136,304,3
130,88,1
80,92,14
53,204,14
91,110,7
14,116,2
188,342,3
194,249,14
53,330,14
67,252,3
172,118,3
20,41,2
248,200,3
308,338,3
197,108,19
96,224,3
98,272,3
211,222,3
150,64,28
224,67,3
304,98,3
310,137,15
132,158,3
105,21,3
21,308,3
219,319,5
245,8,7
265,325,3
315,121,3
41,115,2
284,281,19
106,231,3
169,315,3
67,325,3
26,55,3
156,188,3
101,194,14
277,170,3
258,188,3
304,334,3
271,331,3
239,67,3
222,199,3
332,208,3
312,305,2
328,218,4
110,259,7
170,271,3
66,67,3
341,188,3
200,9,3
199,113,3
67,271,3
134,67,3
115,116,2
94,254,14
227,86,22
67,26,3
39,141,3
118,342,3
220,115,2
261,297,3
252,82,3
189,100,28
218,275,4
313,261,3
101,266,14
101,302,14
59,325,3
169,21,3
67,280,3
134,252,3
30,236,3
322,308,3
119,82,3
100,217,28
111,20,2
122,123,3
94,180,14
346,300,14
322,21,3
56,199,3
203,56,3
314,82,3
118,172,3
239,169,3
223,342,3
184,36,19
311,325,3
208,291,3
56,222,3
239,295,3
56,313,3
272,277,3
199,134,3
9,119,3
185,280,3
331,203,3
25,199,3
200,113,3
72,291,3
285,303,3
299,92,14
56,211,3
322,9,3
13,313,3
322,276,3
334,9,3
119,26,3
60,291,3
89,95,5
9,156,3
141,304,3
322,158,3
28,226,2
203,325,3
200,276,3
176,25,3
21,235,3
204,266,14
252,265,3
119,125,3
119,325,3
73,130,1
9,66,3
142,109,3
271,119,3
99,102,22
280,105,3
251,135,19
312,220,2
186,236,3
277,98,3
26,304,3
315,280,3
144,17,2
239,55,3
5,315,3
252,25,3
125,169,3
224,213,3
136,122,3
236,121,3
56,277,3
82,170,3
265,238,3
41,17,2
325,304,3
332,291,3
313,170,3
199,291,3
280,122,3
324,199,3
188,9,3
132,45,3
75,304,3
291,169,3
6,147,5
194,254,14
142,170,3
21,121,3
8,264,7
271,170,3
25,280,3
94,92,14
299,249,14
113,25,3
186,128,3
104,188,3
334,169,3
304,272,3
313,342,3
203,261,3
118,324,3
30,329,3
303,132,3
153,280,3
303,285,3
264,8,7
105,257,3
199,186,3
224,9,3
25,291,3
104,169,3
274,40,3
122,31,3
308,323,3
186,221,3
40,315,3
224,276,3
161,271,3
111,17,2
252,186,3
203,285,3
189,64,28
203,118,3
338,308,3
280,315,3
169,122,3
67,128,3
178,322,3
156,122,3
194,92,14
280,142,3
26,40,3
307,230,29
204,57,14
248,119,3
104,325,3
186,239,3
189,150,28
128,252,3
136,169,3
132,119,3
199,9,3
150,189,28
128,170,3
239,261,3
308,26,3
26,69,3
122,203,3
36,184,19
293,174,35
115,343,2
41,116,2
315,324,3
280,239,3
26,315,3
169,104,3
199,40,3
109,21,3
236,257,3
25,277,3
339,22,6
186,322,3
236,13,3
313,118,3
285,185,3
332,200,3
142,134,3
252,315,3
296,99,22
36,108,19
40,329,3
212,232,3
217,64,28
53,101,14
170,200,3
118,199,3
122,200,3
271,236,3
118,65,3
322,257,3
75,67,3
161,277,3
291,158,3
77,332,3
143,68,22
3,67,3
297,65,3
342,118,3
167,32,15
132,315,3
26,298,3
98,141,3
64,189,28
259,110,7
25,200,3
265,298,3
24,101,14
119,13,3
238,211,3
56,231,3
75,56,3
143,225,22
234,239,3
330,204,14
172,261,3
62,170,3
345,186,3
127,251,19
304,75,3
136,308,3
38,248,3
261,314,3
186,188,3
200,271,3
56,342,3
200,285,3
200,26,3
9,170,3
122,261,3
105,236,3
4,152,4
139,251,19
62,223,3
40,72,3
96,213,3
118,13,3
91,245,7
26,276,3
158,142,3
315,329,3
271,185,3
67,104,3
200,280,3
180,24,14
101,53,14
115,41,2
185,25,3
13,67,3
213,315,3
68,227,22
186,323,3
213,128,3
67,213,3
214,41,2
9,342,3
252,199,3
24,299,14
318,123,3
92,204,14
122,25,3
297,252,3
56,72,3
261,211,3
322,75,3
122,55,3
236,303,3
75,323,3
26,161,3
21,236,3
344,185,3
344,212,3
14,28,2
13,252,3
178,303,3
211,103,3
60,239,3
186,104,3
203,342,3
8,259,7
271,199,3
342,165,3
82,314,3
123,26,3
211,342,3
13,82,3
187,346,14
322,329,3
113,313,3
261,122,3
104,203,3
142,56,3
116,144,2
295,26,3
169,185,3
211,285,3
344,67,3
329,16,3
122,303,3
53,249,14
122,56,3
67,13,3
82,199,3
40,169,3
109,203,3
152,275,4
59,250,3
68,143,22
180,242,14
296,175,22
101,330,14
165,113,3
126,260,1
21,271,3
17,41,2
82,59,3
342,261,3
297,56,3
142,334,3
342,314,3
178,231,3
109,303,3
128,213,3
72,272,3
342,277,3
321,175,22
271,176,3
144,116,2
322,104,3
298,271,3
67,277,3
221,303,3
134,304,3
132,303,3
304,122,3
285,221,3
304,56,3
26,128,3
204,242,14
32,167,15
41,144,2
101,204,14
111,214,2
261,118,3
329,27,3
295,9,3
346,53,14
88,1,1
67,344,3
172,199,3
188,277,3
197,284,19
103,56,3
185,297,3
213,122,3
53,266,14
101,94,14
67,72,3
266,101,14
315,56,3
280,291,3
304,67,3
20,312,2
332,16,3
252,122,3
9,113,3
79,188,3
26,118,3
56,40,3
277,213,3
330,266,14
204,80,14
13,239,3
113,325,3
211,29,3
141,40,3
118,56,3
91,259,7
280,67,3
94,300,14
67,21,3
50,203,3
196,92,14
213,161,3
254,204,14
303,122,3
227,102,22
291,252,3
186,142,3
331,16,3
277,26,3
312,44,2
93,310,15
196,346,14
266,254,14
148,272,3
13,342,3
169,332,3
4,195,4
80,299,14
26,98,3
127,139,19
223,200,3
113,72,3
213,40,3
204,346,14
113,172,3
261,345,3
303,345,3
309,127,19
165,169,3
236,272,3
103,98,3
310,167,15
227,296,22
325,268,3
332,252,3
285,304,3
186,213,3
239,25,3
169,277,3
334,188,3
134,203,3
89,319,5
325,223,3
119,50,3
329,308,3
79,26,3
9,79,3
261,98,3
21,272,3
314,50,3
140,17,2
299,254,14
82,261,3
203,334,3
26,236,3
170,285,3
161,199,3
104,113,3
232,224,3
39,121,3
53,24,14
277,291,3
169,5,3
67,134,3
346,92,14
322,250,3
45,142,3
277,334,3
141,62,3
115,326,2
180,194,14
223,98,3
236,304,3
203,265,3
277,188,3
304,239,3
26,188,3
40,304,3
26,79,3
232,9,3
271,40,3
200,304,3
312,17,2
50,146,3
280,26,3
257,295,3
103,25,3
170,332,3
56,290,3
40,29,3
313,271,3
56,276,3
122,3,3
41,14,2
23,190,13
118,277,3
108,159,19
315,223,3
285,9,3
118,304,3
8,201,7
332,122,3
227,143,22
212,40,3
57,24,14
56,322,3
186,222,3
40,141,3
196,194,14
271,285,3
41,151,2
261,239,3
123,200,3
50,119,3
67,322,3
272,213,3
56,104,3
170,82,3
328,78,4
280,141,3
223,315,3
79,67,3
203,272,3
334,203,3
313,252,3
229,334,3
309,184,19
229,109,3
67,25,3
187,254,14
170,185,3
110,8,7
268,325,3
104,122,3
141,26,3
25,272,3
200,56,3
158,113,3
109,142,3
212,252,3
29,16,3
304,271,3
310,93,15
315,105,3
332,119,3
284,251,19
244,282,56
102,99,22
322,252,3
261,203,3
150,171,28
85,3,3
341,304,3
195,275,4
122,272,3
232,276,3
236,122,3
330,92,14
104,142,3
186,277,3
332,231,3
99,278,22
77,117,3
324,252,3
122,170,3
82,121,3
331,211,3
236,224,3
156,136,3
159,320,19
277,208,3
249,346,14
50,331,3
281,320,19
200,297,3
290,322,3
242,101,14
325,122,3
30,331,3
212,199,3
119,331,3
294,277,3
40,274,3
308,213,3
252,79,3
9,26,3
109,104,3
40,224,3
144,41,2
98,315,3
180,196,14
122,342,3
169,142,3
147,319,5
151,41,2
40,158,3
271,239,3
315,257,3
67,304,3
99,263,22
323,332,3
254,346,14
312,115,2
132,277,3
324,238,3
67,265,3
248,311,3
322,30,3
109,229,3
230,71,29
56,291,3
20,162,2
94,187,14
67,303,3
272,40,3
115,20,2
195,218,4
302,249,14
142,297,3
252,26,3
14,144,2
140,214,2
214,14,2
32,310,15
225,99,22
330,299,14
222,313,3
21,165,3
304,280,3
238,59,3
302,346,14
98,265,3
203,50,3
308,136,3
342,170,3
338,29,3
143,46,22
315,211,3
98,252,3
231,172,3
325,40,3
285,186,3
239,123,3
239,66,3
171,189,28
277,252,3
226,326,2
274,122,3
122,161,3
280,25,3
249,101,14
239,60,3
214,326,2
325,199,3
186,56,3
148,176,3
315,132,3
330,53,14
290,280,3
36,284,19
104,21,3
284,135,19
310,337,15
277,67,3
325,158,3
68,263,22
113,277,3
19,138,12
320,135,19
314,96,3
211,118,3
297,142,3
251,197,19
40,142,3
26,291,3
39,21,3
9,72,3
320,159,19
144,28,2
232,133,3
252,308,3
118,29,3
25,3,3
27,119,3
26,141,3
228,283,53
343,116,2
131,278,22
169,9,3
345,21,3
222,56,3
172,72,3
304,26,3
53,180,14
261,67,3
177,227,22
224,148,3
65,82,3
249,299,14
113,239,3
141,98,3
113,203,3
165,200,3
223,239,3
271,261,3
342,265,3
329,322,3
26,200,3
302,53,14
203,29,3
275,181,4
17,111,2
56,304,3
82,172,3
169,125,3
111,41,2
172,103,3
122,344,3
268,82,3
313,146,3
161,322,3
314,236,3
332,109,3
252,66,3
59,203,3
172,82,3
322,345,3
2,312,2
313,285,3
300,299,14
25,188,3
128,248,3
85,170,3
132,311,3
203,238,3
254,53,14
332,10,3
25,84,3
92,196,14
299,101,14
172,265,3
303,56,3
315,185,3
231,40,3
41,214,2
25,40,3
322,170,3
26,123,3
172,13,3
142,21,3
131,143,22
323,258,3
142,123,3
324,331,3
252,128,3
9,134,3
122,252,3
113,148,3
65,118,3
322,178,3
141,276,3
9,142,3
277,272,3
273,181,4
200,25,3
346,24,14
297,324,3
109,285,3
105,69,3
98,26,3
188,21,3
25,9,3
1,126,1
170,26,3
113,200,3
158,25,3
323,322,3
122,224,3
94,249,14
271,211,3
276,133,3
329,9,3
331,30,3
110,91,7
249,94,14
203,239,3
203,109,3
290,342,3
339,246,6
117,285,3
315,136,3
167,137,15
242,24,14
23,83,13
271,297,3
242,254,14
217,171,28
109,169,3
146,285,3
180,266,14
78,306,4
277,285,3
285,60,3
271,59,3
30,271,3
224,322,3
299,330,14
162,20,2
236,276,3
67,3,3
326,226,2
342,313,3
265,342,3
122,235,3
55,67,3
28,140,2
88,336,1
273,218,4
21,188,3
21,280,3
337,32,15
252,272,3
113,304,3
24,94,14
213,324,3
40,277,3
322,109,3
315,285,3
341,203,3
21,334,3
136,322,3
181,328,4
119,229,3
304,113,3
40,317,3
342,290,3
41,226,2
98,170,3
251,320,19
304,332,3
271,128,3
67,185,3
66,9,3
30,213,3
188,75,3
231,106,3
172,212,3
135,284,19
56,188,3
204,254,14
123,318,3
161,39,3
25,285,3
146,136,3
41,140,2
80,346,14
101,249,14
40,239,3
285,119,3
133,26,3
51,23,13
169,128,3
281,197,19
322,26,3
62,199,3
119,9,3
274,96,3
136,21,3
140,312,2
285,122,3
4,275,4
101,346,14
239,56,3
314,313,3
113,121,3
176,271,3
322,186,3
25,39,3
203,315,3
259,193,7
140,41,2
139,197,19
167,337,15
345,303,3
319,147,5
172,308,3
304,9,3
21,26,3
266,204,14
226,20,2
203,119,3
199,82,3
225,177,22
211,238,3
67,10,3
122,236,3
252,72,3
227,225,22
252,31,3
146,148,3
224,25,3
56,200,3
342,203,3
315,9,3
346,249,14
203,104,3
148,105,3
188,290,3
148,82,3
322,315,3
277,280,3
341,62,3
9,277,3
135,184,19
122,188,3
277,25,3
79,252,3
196,53,14
325,277,3
257,39,3
332,169,3
4,218,4
133,188,3
271,272,3
102,263,22
118,82,3
200,31,3
199,25,3
151,144,2
57,346,14
211,261,3
218,195,4
186,26,3
252,285,3
200,224,3
72,9,3
7,168,6
128,122,3
98,25,3
337,93,15
291,232,3
272,75,3
277,50,3
211,239,3
79,25,3
258,161,3
343,41,2
271,325,3
324,304,3
82,313,3
122,325,3
323,56,3
304,66,3
285,211,3
212,295,3
123,82,3
26,332,3
315,288,3
248,122,3
94,204,14
136,146,3
134,21,3
242,299,14
239,277,3
290,188,3
328,195,4
26,158,3
342,113,3
268,203,3
214,115,2
7,347,6
311,277,3
186,123,3
239,338,3
177,99,22
169,113,3
93,337,15
159,184,19
67,313,3
109,295,3
29,40,3
55,261,3
56,21,3
315,236,3
122,332,3
165,39,3
185,200,3
180,204,14
312,343,2
98,186,3
9,224,3
254,249,14
271,265,3
115,220,2
133,183,3
103,172,3
122,304,3
98,82,3
334,308,3
22,168,6
334,50,3
109,271,3
252,223,3
315,170,3
185,56,3
26,62,3
211,223,3
122,271,3
14,312,2
9,56,3
224,133,3
268,59,3
223,261,3
147,6,5
275,4,4
325,56,3
285,56,3
309,197,19
238,199,3
272,148,3
272,156,3
75,188,3
75,170,3
325,119,3
62,122,3
168,129,6
158,67,3
170,67,3
93,137,15
254,299,14
55,122,3
277,304,3
9,148,3
320,36,19
180,254,14
94,299,14
272,258,3
271,9,3
172,329,3
274,323,3
172,26,3
295,109,3
184,320,19
252,56,3
69,9,3
322,199,3
5,213,3
82,325,3
98,119,3
87,339,6
277,294,3
200,325,3
149,343,2
137,93,15
332,271,3
289,214,2
252,59,3
118,252,3
122,21,3
188,252,3
285,342,3
245,259,7
195,273,4
141,239,3
224,271,3
193,259,7
224,26,3
25,31,3
40,265,3
55,26,3
231,332,3
85,274,3
271,315,3
239,200,3
165,334,3
319,6,5
322,188,3
200,165,3
158,325,3
103,252,3
118,161,3
302,242,14
329,178,3
199,67,3
67,223,3
26,297,3
25,271,3
239,13,3
322,280,3
261,82,3
28,115,2
98,118,3
271,113,3
266,194,14
67,239,3
10,291,3
113,9,3
304,252,3
272,25,3
222,238,3
322,232,3
103,200,3
239,199,3
304,211,3
21,40,3
186,252,3
41,28,2
213,332,3
172,332,3
188,274,3
227,263,22
285,261,3
187,94,14
200,104,3
325,342,3
104,128,3
119,277,3
213,277,3
314,161,3
214,333,2
232,280,3
121,169,3
342,271,3
331,186,3
252,104,3
122,169,3
325,25,3
239,344,3
62,322,3
84,265,3
67,56,3
302,204,14
25,105,3
225,175,22
238,134,3
26,170,3
304,277,3
82,67,3
237,23,13
21,13,3
226,144,2
342,188,3
200,324,3
298,56,3
121,236,3
119,239,3
31,109,3
302,187,14
319,219,5
239,176,3
67,169,3
263,102,22
258,295,3
238,261,3
39,105,3
212,56,3
203,26,3
75,272,3
329,280,3
113,98,3
272,98,3
236,213,3
313,56,3
291,199,3
223,67,3
40,272,3
4,328,4
131,177,22
169,257,3
67,236,3
170,322,3
188,142,3
20,149,2
119,297,3
188,224,3
58,107,26
142,40,3
127,320,19
142,308,3
187,80,14
245,91,7
204,101,14
65,25,3
62,318,3
346,302,14
345,252,3
304,134,3
313,325,3
232,199,3
147,219,5
21,104,3
55,186,3
67,308,3
13,271,3
63,56,3
95,147,5
127,309,19
40,77,3
188,3,3
21,98,3
236,21,3
221,56,3
330,196,14
304,200,3
271,13,3
40,212,3
284,320,19
113,165,3
312,214,2
252,119,3
118,271,3
235,122,3
25,224,3
322,239,3
59,98,3
264,259,7
285,109,3
172,16,3
100,64,28
21,122,3
106,238,3
222,325,3
318,236,3
132,40,3
67,324,3
75,274,3
40,21,3
323,290,3
126,73,1
200,239,3
123,142,3
26,239,3
322,142,3
312,20,2
213,30,3
162,312,2
170,21,3
66,239,3
239,170,3
59,211,3
136,213,3
98,258,3
2,149,2
280,271,3
199,252,3
272,239,3
128,334,3
331,119,3
315,271,3
26,133,3
80,249,14
186,303,3
169,121,3
223,188,3
278,175,22
285,10,3
109,314,3
243,337,15
276,232,3
196,204,14
231,213,3
71,230,29
122,186,3
161,314,3
165,342,3
16,82,3
252,98,3
94,266,14
84,25,3
342,199,3
161,122,3
325,67,3
324,315,3
266,187,14
20,326,2
122,26,3
169,239,3
277,10,3
200,79,3
291,56,3
271,26,3
21,322,3
170,25,3
296,263,22
299,242,14
20,111,2
67,248,3
345,261,3
109,304,3
311,132,3
263,296,22
213,322,3
313,13,3
6,219,5
128,172,3
236,322,3
298,72,3
25,56,3
304,40,3
346,242,14
199,314,3
25,122,3
67,285,3
30,188,3
121,280,3
133,280,3
172,304,3
277,200,3
346,80,14
16,118,3
252,142,3
25,331,3
99,131,22
23,51,13
299,53,14
45,186,3
227,278,22
146,317,3
249,330,14
212,72,3
332,56,3
200,118,3
139,284,19
274,3,3
9,329,3
116,343,2
25,239,3
333,226,2
26,185,3
92,266,14
334,67,3
226,149,2
99,227,22
246,340,6
59,82,3
334,40,3
199,298,3
132,334,3
94,242,14
62,98,3
188,113,3
28,41,2
201,91,7
306,78,4
113,50,3
67,45,3
142,62,3
285,98,3
56,303,3
150,100,28
239,213,3
261,238,3
135,320,19
84,304,3
109,122,3
277,315,3
252,67,3
313,211,3
181,78,4
13,21,3
277,132,3
21,323,3
121,21,3
265,84,3
231,29,3
203,172,3
185,285,3
142,332,3
304,199,3
184,127,19
109,50,3
249,242,14
315,231,3
4,273,4
65,297,3
252,271,3
312,162,2
266,24,14
194,94,14
36,281,19
28,116,2
277,311,3
322,277,3
313,113,3
323,280,3
257,40,3
258,40,3
89,327,5
121,69,3
261,224,3
39,165,3
139,127,19
305,312,2
280,257,3
332,172,3
322,38,3
62,261,3
116,214,2
88,126,1
313,314,3
315,67,3
14,149,2
199,324,3
252,169,3
135,251,19
204,330,14
66,142,3
113,291,3
256,233,54
186,325,3
333,214,2
308,334,3
252,172,3
28,14,2
318,169,3
38,117,3
21,31,3
25,21,3
285,142,3
141,271,3
134,113,3
329,54,3
285,345,3
29,172,3
103,323,3
272,122,3
72,67,3
57,242,14
194,24,14
236,315,3
199,231,3
252,345,3
95,6,5
116,226,2
82,98,3
162,116,2
323,271,3
297,261,3
9,169,3
239,113,3
323,170,3
136,125,3
341,170,3
161,304,3
72,172,3
84,276,3
9,315,3
118,67,3
67,113,3
304,141,3
159,108,19
99,177,22
280,21,3
203,142,3
170,313,3
13,56,3
109,148,3
258,85,3
285,232,3
277,119,3
322,285,3
31,252,3
344,311,3
313,39,3
170,203,3
303,142,3
323,9,3
276,62,3
62,341,3
26,13,3
137,32,15
98,291,3
268,271,3
345,315,3
304,69,3
226,115,2
180,94,14
151,312,2
175,225,22
325,113,3
343,333,2
296,227,22
54,119,3
109,13,3
122,277,3
71,307,29
123,104,3
329,315,3
141,38,3
104,344,3
67,170,3
281,127,19
99,143,22
99,175,22
156,5,3
291,60,3
142,113,3
10,285,3
148,9,3
117,280,3
169,291,3
172,113,3
23,240,13
343,326,2
320,251,19
214,17,2
129,339,6
291,315,3
117,38,3
314,271,3
92,299,14
98,67,3
122,5,3
122,176,3
116,41,2
291,248,3
291,141,3
214,289,2
281,36,19
21,123,3
261,148,3
6,319,5
291,208,3
271,290,3
185,9,3
16,329,3
185,67,3
118,134,3
346,57,14
223,13,3
60,322,3
297,119,3
118,109,3
30,224,3
224,236,3
261,13,3
203,223,3
175,68,22
28,149,2
313,82,3
194,187,14
119,113,3
79,271,3
239,188,3
188,297,3
118,322,3
271,224,3
108,127,19
40,203,3
212,26,3
252,250,3
284,139,19
29,203,3
101,254,14
21,248,3
196,254,14
25,69,3
290,185,3
232,26,3
128,186,3
213,224,3
252,9,3
248,158,3
9,186,3
277,109,3
283,228,53
180,101,14
322,207,3
105,39,3
158,132,3
249,196,14
200,334,3
103,185,3
236,141,3
102,227,22
211,59,3
326,41,2
25,185,3
148,146,3
271,148,3
16,29,3
106,329,3
115,144,2
104,45,3
268,211,3
56,170,3
252,21,3
56,186,3
115,17,2
224,96,3
297,272,3
323,239,3
169,280,3
271,169,3
271,291,3
304,84,3
20,214,2
172,56,3
331,265,3
122,345,3
332,26,3
92,254,14
273,275,4
273,306,4
13,265,3
252,212,3
345,45,3
9,141,3
254,94,14
122,113,3
320,139,19
213,285,3
139,184,19
271,103,3
211,304,3
278,131,22
128,211,3
46,278,22
56,325,3
239,59,3
249,92,14
252,261,3
236,314,3
199,322,3
157,155,40
167,243,15
26,313,3
329,324,3
82,29,3
98,62,3
56,109,3
122,297,3
78,181,4
141,56,3
72,199,3
291,98,3
31,142,3
82,119,3
322,304,3
252,324,3
186,98,3
239,280,3
172,325,3
123,239,3
252,280,3
271,223,3
122,156,3
25,67,3
31,280,3
26,257,3
322,40,3
312,140,2
208,277,3
223,265,3
116,2,2
238,13,3
39,161,3
227,99,22
38,178,3
109,31,3
225,278,22
318,62,3
25,103,3
291,26,3
161,67,3
141,236,3
248,128,3
21,325,3
197,309,19
231,82,3
169,67,3
72,25,3
310,243,15
223,128,3
67,31,3
2,115,2
55,252,3
105,280,3
77,294,3
132,56,3
84,313,3
171,64,28
308,203,3
79,119,3
40,257,3
142,186,3
105,119,3
200,232,3
276,239,3
332,323,3
68,99,22
176,85,3
128,169,3
222,82,3
142,280,3
200,274,3
219,89,5
252,277,3
324,277,3
261,265,3
62,141,3
161,213,3
122,62,3
172,40,3
257,258,3
303,178,3
322,341,3
93,32,15
203,134,3
104,55,3
343,226,2
342,322,3
322,185,3
342,238,3
303,30,3
25,221,3
134,9,3
203,113,3
323,277,3
232,25,3
113,252,3
41,44,2
23,237,13
142,315,3
75,322,3
236,252,3
323,297,3
338,239,3
331,172,3
200,248,3
17,312,2
13,26,3
101,92,14
67,66,3
13,304,3
271,318,3
104,98,3
243,310,15
67,315,3
134,142,3
50,109,3
239,272,3
26,280,3
75,85,3
236,67,3
188,271,3
56,331,3
277,239,3
156,258,3
188,176,3
146,119,3
92,330,14
261,119,3
219,147,5
7,340,6
299,80,14
104,109,3
82,123,3
326,312,2
277,142,3
85,258,3
261,285,3
197,281,19
271,323,3
248,265,3
133,224,3
309,251,19
109,98,3
158,109,3
26,119,3
24,242,14
122,104,3
119,342,3
226,333,2
100,189,28
332,77,3
332,224,3
298,172,3
280,169,3
225,143,22
272,72,3
142,200,3
242,330,14
9,75,3
106,332,3
66,252,3
232,239,3
115,214,2
224,30,3
32,137,15
243,137,15
25,236,3
252,55,3
170,334,3
329,30,3
181,273,4
56,232,3
2,116,2
322,303,3
223,56,3
332,40,3
101,24,14
79,272,3
266,92,14
199,288,3
149,333,2
346,180,14
221,45,3
308,329,3
334,142,3
10,277,3
60,56,3
170,211,3
315,277,3
336,88,1
204,302,14
9,30,3
21,297,3
13,109,3
62,26,3
278,99,22
320,309,19
132,72,3
238,324,3
104,271,3
196,180,14
133,322,3
53,194,14
249,80,14
322,213,3
96,314,3
119,146,3
280,277,3
82,238,3
32,337,15
7,339,6
149,144,2
122,315,3
39,200,3
136,285,3
213,136,3
223,21,3
280,322,3
175,102,22
291,113,3
220,312,2
223,252,3
203,322,3
328,181,4
277,113,3
277,9,3
5,158,3
98,56,3
232,72,3
200,203,3
346,330,14
261,59,3
325,238,3
242,346,14
38,322,3
280,3,3
276,56,3
142,252,3
26,172,3
271,342,3
333,20,2
308,304,3
185,79,3
324,200,3
199,223,3
31,67,3
199,62,3
53,94,14
29,106,3
347,7,6
252,297,3
79,9,3
232,172,3
56,265,3
122,322,3
172,128,3
159,284,19
44,41,2
331,332,3
133,315,3
285,67,3
278,177,22
258,272,3
265,118,3
285,272,3
170,223,3
95,327,5
324,297,3
200,236,3
314,261,3
285,113,3
268,170,3
118,16,3
337,137,15
297,122,3
258,323,3
3,9,3
148,13,3
21,109,3
261,342,3
229,148,3
169,25,3
26,285,3
10,200,3
290,277,3
134,334,3
1,73,1
276,224,3
312,151,2
41,343,2
26,223,3
144,115,2
59,172,3
214,111,2
170,188,3
21,252,3
277,248,3
158,248,3
330,302,14
200,103,3
72,212,3
277,172,3
103,211,3
188,272,3
285,25,3
7,87,6
345,142,3
98,342,3
9,272,3
291,231,3
224,315,3
223,313,3
242,94,14
314,109,3
331,50,3
119,132,3
113,40,3
218,4,4
14,214,2
72,329,3
172,223,3
300,80,14
142,236,3
277,342,3
109,332,3
342,252,3
14,326,2
140,144,2
271,82,3
297,236,3
343,312,2
142,169,3
271,109,3
200,21,3
239,72,3
321,143,22
56,118,3
104,212,3
26,295,3
98,238,3
184,284,19
41,111,2
213,178,3
64,100,28
119,79,3
204,194,14
144,149,2
299,302,14
231,280,3
62,224,3
239,271,3
259,245,7
332,142,3
40,113,3
236,26,3
131,225,22
320,281,19
212,104,3
208,285,3
151,28,2
277,290,3
82,252,3
203,128,3
67,40,3
26,134,3
119,203,3
251,309,19
334,170,3
340,246,6
98,199,3
31,21,3
323,315,3
53,302,14
98,313,3
25,288,3
203,304,3
123,55,3
200,322,3
261,62,3
56,213,3
304,188,3
211,313,3
193,91,7
127,184,19
9,161,3
306,273,4
56,82,3
25,325,3
65,252,3
2,326,2
323,200,3
29,82,3
271,238,3
24,92,14
113,122,3
9,297,3
206,260,1
109,277,3
280,153,3
275,152,4
296,68,22
101,180,14
291,277,3
272,188,3
259,91,7
238,271,3
117,77,3
333,162,2
334,229,3
208,332,3
224,188,3
104,277,3
315,5,3
122,9,3
119,105,3
113,285,3
14,41,2
9,133,3
252,161,3
315,169,3
41,312,2
323,10,3
9,185,3
203,324,3
260,206,1
109,239,3
119,200,3
322,342,3
277,31,3
78,195,4
211,271,3
306,218,4
238,172,3
98,123,3
342,223,3
40,322,3
306,328,4
67,118,3
342,122,3
265,172,3
73,88,1
263,99,22
104,239,3
178,186,3
180,53,14
26,109,3
345,322,3
347,22,6
271,212,3
231,77,3
26,72,3
187,194,14
332,277,3
183,133,3
135,127,19
171,217,28
313,223,3
162,333,2
122,66,3
96,323,3
188,258,3
330,346,14
309,36,19
280,9,3
195,78,4
7,246,6
25,98,3
248,236,3
119,25,3
265,261,3
315,122,3
32,93,15
231,291,3
179,90,33
239,118,3
236,25,3
36,127,19
158,332,3
285,26,3
5,235,3
134,238,3
323,21,3
303,186,3
175,143,22
343,214,2
252,304,3
72,132,3
122,98,3
315,252,3
313,84,3
308,67,3
203,199,3
312,41,2
113,188,3
272,280,3
346,254,14
238,106,3
277,323,3
272,329,3
271,268,3
80,94,14
21,315,3
272,291,3
217,150,28
92,302,14
334,128,3
31,25,3
161,203,3
105,25,3
236,133,3
86,175,22
67,161,3
16,331,3
14,343,2
312,2,2
26,169,3
121,315,3
91,264,7
175,177,22
119,21,3
141,9,3
31,122,3
322,297,3
280,119,3
295,156,3
334,56,3
318,334,3
203,55,3
188,322,3
27,324,3
69,236,3
337,167,15
25,257,3
334,123,3
25,203,3
318,104,3
80,242,14
82,211,3
280,117,3
188,200,3
273,195,4
231,329,3
224,304,3
119,148,3
277,118,3
122,45,3
322,236,3
86,177,22
332,304,3
21,200,3
203,277,3
323,75,3
280,329,3
199,232,3
40,26,3
142,3,3
17,144,2
21,66,3
172,298,3
2,343,2
276,141,3
311,344,3
239,304,3
214,312,2
25,113,3
325,261,3
297,109,3
119,56,3
236,200,3
344,122,3
31,304,3
200,185,3
200,186,3
13,59,3
254,242,14
180,346,14
98,276,3
213,303,3
258,75,3
272,178,3
83,51,13
280,31,3
9,200,3
277,322,3
170,186,3
66,304,3
111,326,2
288,199,3
318,82,3
56,261,3
214,343,2
40,325,3
315,199,3
275,328,4
332,106,3
280,232,3
121,82,3
187,249,14
223,26,3
118,98,3
298,26,3
213,239,3
158,5,3
39,25,3
20,14,2
156,85,3
319,95,5
238,313,3
142,10,3
30,304,3
3,274,3
334,318,3
132,317,3
123,261,3
40,132,3
212,271,3
223,325,3
40,172,3
24,80,14
322,169,3
91,201,7
304,136,3
62,56,3
31,84,3
46,143,22
141,323,3
239,231,3
232,322,3
188,341,3
141,258,3
248,291,3
170,277,3
40,67,3
319,327,5
315,21,3
224,324,3
211,170,3
277,122,3
272,141,3
170,55,3
303,239,3
27,329,3
56,134,3
137,310,15
272,79,3
185,148,3
128,315,3
315,188,3
194,299,14
55,123,3
7,129,6
66,26,3
345,178,3
197,159,19
312,116,2
170,85,3
345,213,3
252,334,3
323,109,3
94,302,14
272,257,3
21,232,3
16,172,3
9,21,3
56,323,3
308,161,3
274,85,3
277,104,3
72,239,3
26,67,3
123,122,3
133,9,3
75,258,3
149,312,2
203,122,3
213,231,3
194,302,14
180,92,14
128,119,3
224,62,3
96,62,3
311,248,3
242,302,14
249,204,14
265,211,3
169,248,3
69,121,3
158,317,3
278,143,22
199,161,3
21,161,3
238,325,3
9,285,3
187,180,14
342,325,3
57,302,14
9,291,3
177,46,22
261,252,3
98,211,3
320,284,19
67,199,3
218,306,4
298,212,3
172,59,3
309,284,19
80,204,14
280,133,3
59,13,3
169,82,3
167,310,15
262,312,2
322,133,3
277,169,3
239,285,3
119,67,3
277,13,3
56,285,3
111,44,2
67,342,3
145,179,33
227,175,22
188,185,3
21,345,3
239,303,3
77,231,3
315,40,3
69,39,3
237,83,13
56,98,3
65,13,3
323,186,3
116,162,2
178,272,3
26,113,3
144,140,2
139,159,19
188,334,3
275,306,4
278,227,22
29,211,3
339,7,6
9,122,3
297,271,3
261,199,3
265,248,3
277,56,3
86,227,22
82,222,3
65,203,3
128,223,3
231,56,3
271,280,3
25,26,3
133,232,3
277,40,3
280,185,3
67,156,3
148,98,3
274,170,3
188,79,3
214,140,2
325,82,3
276,322,3
326,2,2
116,17,2
39,69,3
346,299,14
26,224,3
104,332,3
322,200,3
271,122,3
339,347,6
141,272,3
251,139,19
128,67,3
185,188,3
177,143,22
60,158,3
280,39,3
324,203,3
80,101,14
186,272,3
261,318,3
26,325,3
219,6,5
118,222,3
323,25,3
238,252,3
25,79,3
187,242,14
113,158,3
266,180,14
318,271,3
184,309,19
113,56,3
45,322,3
109,297,3
56,207,3
341,323,3
119,27,3
78,4,4
323,274,3
325,203,3
281,139,19
329,231,3
271,72,3
63,261,3
346,94,14
26,322,3
121,113,3
172,268,3
201,8,7
177,86,22
21,304,3
87,7,6
254,196,14
48,1,1
67,98,3
78,328,4
224,40,3
83,237,13
118,238,3
313,128,3
276,84,3
156,9,3
67,261,3
104,295,3
200,10,3
306,195,4
169,322,3
56,13,3
263,227,22
268,261,3
149,116,2
170,341,3
175,227,22
169,103,3
121,39,3
140,115,2
295,258,3
325,311,3
144,312,2
66,113,3
277,21,3
332,21,3
142,67,3
113,186,3
102,175,22
332,285,3
67,158,3
329,172,3
21,39,3
118,313,3
265,13,3
187,299,14
119,98,3
277,134,3
22,347,6
313,67,3
186,113,3
199,211,3
82,84,3
277,203,3
141,133,3
56,63,3
119,329,3
258,156,3
284,309,19
271,313,3
257,322,3
197,184,19
257,141,3
99,225,22
213,5,3
346,266,14
116,115,2
6,95,5
88,130,1
108,251,19
222,186,3
189,171,28
212,21,3
308,252,3
101,242,14
128,199,3
67,79,3
170,9,3
21,186,3
337,243,15
298,232,3
342,9,3
272,105,3
258,98,3
200,119,3
82,16,3
109,323,3
151,14,2
143,99,22
199,141,3
170,98,3
39,277,3
280,40,3
221,186,3
334,134,3
136,315,3
304,236,3
5,169,3
20,343,2
67,334,3
105,148,3
25,322,3
9,295,3
122,276,3
306,181,4
264,110,7
158,322,3
252,238,3
188,122,3
259,264,7
254,92,14
128,56,3
213,67,3
304,118,3
213,236,3
213,291,3
136,324,3
184,197,19
39,313,3
10,67,3
184,251,19
271,161,3
21,25,3
186,223,3
258,291,3
169,109,3
326,115,2
78,275,4
38,332,3
82,318,3
128,203,3
325,271,3
252,313,3
315,304,3
40,56,3
94,101,14
200,332,3
261,55,3
247,120,37
203,271,3
302,92,14
266,346,14
200,40,3
329,40,3
197,135,19
150,217,28
323,308,3
236,318,3
136,103,3
140,116,2
332,280,3
85,272,3
280,200,3
168,339,6
9,232,3
181,4,4
285,239,3
9,25,3
26,104,3
180,249,14
217,100,28
180,302,14
17,214,2
220,262,2
327,319,5
104,252,3
169,165,3
271,186,3
185,170,3
137,337,15
291,9,3
242,187,14
180,299,14
199,342,3
306,4,4
123,21,3
169,10,3
271,85,3
322,221,3
191,53,14
290,271,3
272,252,3
315,224,3
193,8,7
56,25,3
343,14,2
158,291,3
212,298,3
56,315,3
329,72,3
325,313,3
317,146,3
251,127,19
194,53,14
302,101,14
294,77,3
328,273,4
346,187,14
122,213,3
122,119,3
308,322,3
337,310,15
315,142,3
87,22,6
211,265,3
134,199,3
122,109,3
134,248,3
186,122,3
266,94,14
85,9,3
188,280,3
291,329,3
326,144,2
225,68,22
285,252,3
13,119,3
343,162,2
313,238,3
323,248,3
50,148,3
200,223,3
122,232,3
142,26,3
271,200,3
231,239,3
3,323,3
92,53,14
72,298,3
323,67,3
107,58,26
127,159,19
13,211,3
290,67,3
79,200,3
26,186,3
57,204,14
295,257,3
82,203,3
39,280,3
281,184,19
118,59,3
56,172,3
178,329,3
213,308,3
272,56,3
82,268,3
250,322,3
223,211,3
17,115,2
129,347,6
40,25,3
39,119,3
176,148,3
273,4,4
203,40,3
148,261,3
252,188,3
142,45,3
281,309,19
115,149,2
56,341,3
79,185,3
133,276,3
232,122,3
113,334,3
13,199,3
62,133,3
211,268,3
239,104,3
8,193,7
175,296,22
45,303,3
80,180,14
261,172,3
56,223,3
188,223,3
238,98,3
239,98,3
200,72,3
271,98,3
148,271,3
118,265,3
203,98,3
347,339,6
9,341,3
188,156,3
122,67,3
304,341,3
188,85,3
231,199,3
271,67,3
176,119,3
26,25,3
53,92,14
330,254,14
232,291,3
14,115,2
299,300,14
70,230,29
272,67,3
170,75,3
25,170,3
326,111,2
24,57,14
302,180,14
170,323,3
223,62,3
254,266,14
123,252,3
10,323,3
271,118,3
257,304,3
326,140,2
274,200,3
92,101,14
271,298,3
148,185,3
280,323,3
26,323,3
291,271,3
250,170,3
55,104,3
326,14,2
308,66,3
116,326,2
156,235,3
92,249,14
325,118,3
9,69,3
13,332,3
116,28,2
200,62,3
238,118,3
186,331,3
331,82,3
13,65,3
332,170,3
199,271,3
9,271,3
186,271,3
252,239,3
284,127,19
169,106,3
132,113,3
159,197,19
249,53,14
112,174,35
199,13,3
252,342,3
92,57,14
239,186,3
4,78,4
188,186,3
246,87,6
208,119,3
64,150,28
5,156,3
227,131,22
304,315,3
221,25,3
200,252,3
56,271,3
242,92,14
40,298,3
235,156,3
16,332,3
63,342,3
173,202,44
165,188,3
165,21,3
42,33,16
312,226,2
50,334,3
66,334,3
271,104,3
330,101,14
211,315,3
72,271,3
285,203,3
152,181,4
59,238,3
94,194,14
94,330,14
21,67,3
285,322,3
229,119,3
161,325,3
185,272,3
136,67,3
89,219,5
225,131,22
236,248,3
84,31,3
98,103,3
334,200,3
149,28,2
69,105,3
342,123,3
265,271,3
199,72,3
175,263,22
252,118,3
195,328,4
334,66,3
48,130,1
312,144,2
39,257,3
239,40,3
80,330,14
149,14,2
126,1,1
21,313,3
113,199,3
272,85,3
257,105,3
66,134,3
271,63,3
274,185,3
172,203,3
313,119,3
203,341,3
119,248,3
8,110,7
324,27,3
98,200,3
323,188,3
232,271,3
4,181,4
304,285,3
158,232,3
211,172,3
204,180,14
45,132,3
98,13,3
142,203,3
25,65,3
55,185,3
213,56,3
332,213,3
285,332,3
142,188,3
324,224,3
202,173,44
48,126,1
187,266,14
9,3,3
113,169,3
303,213,3
142,239,3
251,184,19
53,242,14
172,231,3
188,13,3
203,338,3
41,326,2
113,134,3
98,304,3
10,332,3
184,108,19
343,20,2
170,239,3
147,89,5
141,25,3
236,84,3
9,231,3
67,82,3
148,224,3
320,197,19
26,142,3
170,119,3
199,200,3
143,321,22
217,189,28
303,67,3
9,188,3
122,239,3
302,299,14
118,203,3
62,186,3
170,62,3
119,324,3
281,135,19
239,265,3
200,45,3
66,122,3
323,26,3
222,211,3
98,239,3
239,142,3
98,109,3
188,208,3
67,224,3
119,318,3
119,261,3
59,118,3
67,122,3
263,68,22
26,66,3
236,30,3
324,67,3
170,122,3
56,113,3
137,243,15
41,20,2
199,26,3
254,180,14
40,258,3
304,31,3
186,25,3
140,28,2
98,277,3
26,56,3
176,122,3
317,40,3
134,277,3
298,199,3
265,252,3
285,188,3
265,26,3
280,297,3
63,271,3
271,314,3
322,67,3
297,25,3
26,248,3
304,13,3
181,218,4
68,296,22
45,345,3
89,147,5
66,308,3
185,26,3
181,306,4
271,56,3
105,315,3
261,56,3
158,60,3
231,25,3
176,188,3
122,136,3
248,134,3
331,25,3
25,332,3
201,259,7
60,313,3
156,272,3
268,172,3
172,313,3
342,285,3
92,80,14
343,144,2
56,142,3
109,325,3
252,170,3
177,68,22
265,313,3
169,252,3
24,249,14
199,313,3
322,224,3
128,98,3
200,142,3
30,178,3
13,325,3
170,252,3
322,271,3
127,197,19
26,212,3
62,96,3
326,20,2
85,75,3
98,332,3
