#ProcessedFacebook0
#Louvain
#Time taken 0.21869969367980957s
236,186 1
236,62 1
236,142 1
236,169 1
236,280 1
236,257 1
236,297 1
236,303 1
236,105 1
236,276 1
236,272 1
236,69 1
236,133 1
236,30 1
236,121 1
236,21 1
236,26 1
236,304 1
236,122 1
236,224 1
236,67 1
236,318 1
236,322 1
236,141 1
236,25 1
236,200 1
236,248 1
186,341 1
186,272 1
186,25 1
186,109 1
186,55 1
186,178 1
186,345 1
186,9 1
186,277 1
186,67 1
186,123 1
186,45 1
186,104 1
186,62 1
186,285 1
186,200 1
186,170 1
186,21 1
186,221 1
186,239 1
186,322 1
186,188 1
186,323 1
186,142 1
186,26 1
186,303 1
186,122 1
186,113 1
122,285 1
122,322 1
122,345 1
122,323 1
122,200 1
122,248 1
122,141 1
122,274 1
122,276 1
122,224 1
122,142 1
122,3 1
122,119 1
122,45 1
122,26 1
122,239 1
122,280 1
122,123 1
122,169 1
122,156 1
122,25 1
122,55 1
122,303 1
122,304 1
122,332 1
122,104 1
122,272 1
122,170 1
122,344 1
122,235 1
122,188 1
122,62 1
122,21 1
122,109 1
122,277 1
122,176 1
122,113 1
122,297 1
122,9 1
122,66 1
122,232 1
122,67 1
285,232 1
285,188 1
285,200 1
285,170 1
285,323 1
285,208 1
285,119 1
285,345 1
285,272 1
285,142 1
285,221 1
285,117 1
285,277 1
285,303 1
285,185 1
285,304 1
285,9 1
285,109 1
285,25 1
285,10 1
285,67 1
285,322 1
285,113 1
285,26 1
285,239 1
285,332 1
24,346 2
24,302 2
24,53 2
24,80 2
24,187 2
24,249 2
24,299 2
24,92 2
24,266 2
24,180 2
24,194 2
24,94 2
24,101 2
24,57 2
24,242 2
346,53 2
346,1 2
346,92 2
346,194 2
346,94 2
346,204 2
346,299 2
346,196 2
346,101 2
346,300 2
346,187 2
346,130 2
346,249 2
346,254 2
346,302 2
346,80 2
346,57 2
346,242 2
346,180 2
346,330 2
346,266 2
271,82 3
271,252 3
271,98 3
271,261 3
271,203 3
271,59 3
271,103 3
271,172 3
271,223 3
271,128 3
271,331 3
271,161 3
271,199 3
271,298 3
271,313 3
271,211 3
271,325 3
271,265 3
271,342 3
271,13 3
271,118 3
271,268 3
271,314 3
271,238 3
271,56 3
271,63 3
304,30 1
304,212 1
304,322 1
304,21 1
304,170 1
304,188 1
304,9 1
304,272 1
304,280 1
304,224 1
304,109 1
304,257 1
304,69 1
304,334 1
304,141 1
304,26 1
304,75 1
304,134 1
304,67 1
304,239 1
304,40 1
304,200 1
304,341 1
304,113 1
304,332 1
304,66 1
304,277 1
176,9 1
176,170 1
176,85 1
176,290 1
176,25 1
176,239 1
176,119 1
176,26 1
176,148 1
176,188 1
9,105 1
9,322 1
9,323 1
9,258 1
9,75 1
9,26 1
9,276 1
9,21 1
9,341 1
9,67 1
9,30 1
9,272 1
9,142 1
9,334 1
9,297 1
9,85 1
9,280 1
9,200 1
9,119 1
9,156 1
9,66 1
9,188 1
9,224 1
9,170 1
9,295 1
9,113 1
9,79 1
9,232 1
9,72 1
9,169 1
9,134 1
9,25 1
9,277 1
9,148 1
9,69 1
9,185 1
9,141 1
9,3 1
9,133 1
130,48 2
130,300 2
130,204 2
130,73 2
130,88 2
130,53 2
130,191 2
329,184 4
329,197 4
329,27 4
329,320 4
329,284 4
204,196 2
204,94 2
204,92 2
204,242 2
204,53 2
204,194 2
204,249 2
204,266 2
204,57 2
204,330 2
204,101 2
204,80 2
204,254 2
204,180 2
204,302 2
213,7 5
213,340 5
213,315 5
213,291 5
213,87 5
213,246 5
213,324 5
213,308 5
213,5 5
213,136 5
252,338 3
252,56 3
252,250 3
252,161 3
252,325 3
252,29 3
252,13 3
252,172 3
252,65 3
252,103 3
252,59 3
252,82 3
252,265 3
252,128 3
252,199 3
252,313 3
252,98 3
252,223 3
252,118 3
252,261 3
252,342 3
252,238 3
332,248 1
332,104 1
332,40 1
332,38 1
332,25 1
332,119 1
332,67 1
332,280 1
332,21 1
332,277 1
332,224 1
332,208 1
332,200 1
332,77 1
332,169 1
332,170 1
332,323 1
332,109 1
332,10 1
332,26 1
332,142 1
82,65 3
82,231 3
82,211 3
82,238 3
82,203 3
82,331 3
82,118 3
82,56 3
82,13 3
82,314 3
82,199 3
82,59 3
82,261 3
82,172 3
82,268 3
82,313 3
82,98 3
82,325 3
82,16 3
82,29 3
82,222 3
65,314 3
65,261 3
65,203 3
65,118 3
65,13 3
276,26 1
276,25 1
276,239 1
276,62 1
276,200 1
276,322 1
276,224 1
276,232 1
276,141 1
276,133 1
26,277 1
26,297 1
26,134 1
26,3 1
26,334 1
26,109 1
26,257 1
26,21 1
26,72 1
26,232 1
26,248 1
26,69 1
26,113 1
26,239 1
26,169 1
26,104 1
26,188 1
26,55 1
26,67 1
26,119 1
26,40 1
26,200 1
26,123 1
26,295 1
26,79 1
26,280 1
26,141 1
26,170 1
26,133 1
26,322 1
26,62 1
26,224 1
26,185 1
26,212 1
26,66 1
26,25 1
26,142 1
26,323 1
280,272 1
280,3 1
280,141 1
280,188 1
280,121 1
280,290 1
280,257 1
280,40 1
280,297 1
280,119 1
280,67 1
280,185 1
280,105 1
280,25 1
280,153 1
280,142 1
280,239 1
280,200 1
280,21 1
280,277 1
280,322 1
280,232 1
280,133 1
280,323 1
280,117 1
280,169 1
280,39 1
272,21 1
272,105 1
272,67 1
272,297 1
272,257 1
272,185 1
272,277 1
272,72 1
272,148 1
272,25 1
272,40 1
272,75 1
272,156 1
272,258 1
272,239 1
272,79 1
272,188 1
272,178 1
272,141 1
272,85 1
211,199 3
211,325 3
211,98 3
211,203 3
211,331 3
211,118 3
211,172 3
211,56 3
211,128 3
211,13 3
211,342 3
211,222 3
211,238 3
211,261 3
211,103 3
211,29 3
211,223 3
211,59 3
211,313 3
211,268 3
211,265 3
199,222 3
199,265 3
199,118 3
199,261 3
199,314 3
199,98 3
199,203 3
199,313 3
199,238 3
199,325 3
199,172 3
199,56 3
199,128 3
199,223 3
199,161 3
199,342 3
199,298 3
199,231 3
199,13 3
84,51 6
84,237 6
84,83 6
133,62 1
133,188 1
133,96 1
133,40 1
133,141 1
133,232 1
133,183 1
133,224 1
133,322 1
62,239 1
62,200 1
62,323 1
62,67 1
62,142 1
62,322 1
62,170 1
62,141 1
62,341 1
62,318 1
62,224 1
62,96 1
239,344 1
239,141 1
239,21 1
239,295 1
239,212 1
239,234 1
239,323 1
239,232 1
239,322 1
239,188 1
239,119 1
239,55 1
239,109 1
239,67 1
239,169 1
239,25 1
239,123 1
239,66 1
239,113 1
239,40 1
239,277 1
239,200 1
239,170 1
239,72 1
239,104 1
239,303 1
239,142 1
172,342 3
172,98 3
172,313 3
172,331 3
172,238 3
172,13 3
172,223 3
172,325 3
172,29 3
172,118 3
172,261 3
172,231 3
172,103 3
172,265 3
172,16 3
172,128 3
172,203 3
172,56 3
172,298 3
172,59 3
172,268 3
322,207 1
322,25 1
322,104 1
322,290 1
322,142 1
322,45 1
322,85 1
322,323 1
322,341 1
322,185 1
322,303 1
322,297 1
322,30 1
322,109 1
322,221 1
322,21 1
322,178 1
322,257 1
322,75 1
322,67 1
322,345 1
322,170 1
322,224 1
322,260 1
322,188 1
322,232 1
322,277 1
322,38 1
322,40 1
322,200 1
322,169 1
53,299 2
53,1 2
53,48 2
53,196 2
53,94 2
53,266 2
53,254 2
53,242 2
53,191 2
53,54 2
53,330 2
53,101 2
53,249 2
53,180 2
53,302 2
53,194 2
53,88 2
53,92 2
3,170 1
3,283 1
3,85 1
3,228 1
3,200 1
3,25 1
3,72 1
3,142 1
3,188 1
3,323 1
3,67 1
3,274 1
170,274 1
170,142 1
170,119 1
170,290 1
170,200 1
170,21 1
170,188 1
170,55 1
170,260 1
170,277 1
170,185 1
170,85 1
170,75 1
170,67 1
170,25 1
170,323 1
170,341 1
170,334 1
175,46 6
175,278 6
175,263 6
175,143 6
175,321 6
175,99 6
175,23 6
175,68 6
175,177 6
175,86 6
175,296 6
175,225 6
175,102 6
175,227 6
46,177 6
46,278 6
46,143 6
56,265 3
56,128 3
56,238 3
56,103 3
56,59 3
56,161 3
56,331 3
56,342 3
56,203 3
56,298 3
56,222 3
56,313 3
56,231 3
56,118 3
56,325 3
56,63 3
56,13 3
56,223 3
56,98 3
56,261 3
254,194 2
254,302 2
254,187 2
254,101 2
254,249 2
254,330 2
254,94 2
254,266 2
254,299 2
254,242 2
254,180 2
254,196 2
254,92 2
194,242 2
194,299 2
194,196 2
194,92 2
194,80 2
194,1 2
194,266 2
194,302 2
194,101 2
194,180 2
194,249 2
194,94 2
194,187 2
231,29 3
231,106 3
117,77 1
117,38 1
127,135 4
127,197 4
127,284 4
127,36 4
127,159 4
127,320 4
127,281 4
127,108 4
127,251 4
127,139 4
127,309 4
127,184 4
135,36 4
135,309 4
135,281 4
135,197 4
135,184 4
135,251 4
135,284 4
135,320 4
103,98 3
188,119 1
188,274 1
188,200 1
188,104 1
188,323 1
188,25 1
188,67 1
188,85 1
188,165 1
188,208 1
188,297 1
188,30 1
188,156 1
188,258 1
188,341 1
188,277 1
188,79 1
188,334 1
188,21 1
188,75 1
188,290 1
188,142 1
188,224 1
188,113 1
188,185 1
23,83 6
23,227 6
23,61 6
23,245 6
23,190 6
23,240 6
23,99 6
23,267 6
23,51 6
23,237 6
23,155 6
23,124 6
116,14 7
116,149 7
116,326 7
116,312 7
116,17 7
116,214 7
116,140 7
116,226 7
116,115 7
116,41 7
116,144 7
116,343 7
116,28 7
116,162 7
116,2 7
73,299 2
73,126 2
73,1 2
73,88 2
73,48 2
299,101 2
299,48 2
299,94 2
299,187 2
299,1 2
299,180 2
299,92 2
299,249 2
299,80 2
299,330 2
299,300 2
299,242 2
299,302 2
288,315 5
315,158 5
315,291 5
315,87 5
315,246 5
315,5 5
315,324 5
315,136 5
315,339 5
315,7 5
119,323 1
119,109 1
119,39 1
119,318 1
119,185 1
119,148 1
119,113 1
119,67 1
119,25 1
119,125 1
119,208 1
119,21 1
119,248 1
119,132 1
119,50 1
119,229 1
119,277 1
119,297 1
119,79 1
119,105 1
119,200 1
323,25 1
323,142 1
323,85 1
323,248 1
323,141 1
323,96 1
323,290 1
323,200 1
323,67 1
323,297 1
323,341 1
323,75 1
323,258 1
323,274 1
323,21 1
323,277 1
323,10 1
323,109 1
48,57 2
48,80 2
48,126 2
48,88 2
48,54 2
48,1 2
48,180 2
48,330 2
48,302 2
57,242 2
57,92 2
57,249 2
57,302 2
57,80 2
200,123 1
200,109 1
200,277 1
200,55 1
200,40 1
200,39 1
200,30 1
200,232 1
200,224 1
200,75 1
200,72 1
200,67 1
200,104 1
200,45 1
200,297 1
200,248 1
200,113 1
200,25 1
200,165 1
200,185 1
200,79 1
200,334 1
200,274 1
200,142 1
200,10 1
200,21 1
98,265 3
98,223 3
98,331 3
98,325 3
98,203 3
98,13 3
98,342 3
98,261 3
98,313 3
98,128 3
98,59 3
98,118 3
98,238 3
313,63 3
313,265 3
313,203 3
313,222 3
313,128 3
313,261 3
313,13 3
313,342 3
313,118 3
313,314 3
313,325 3
313,223 3
313,238 3
63,261 3
63,342 3
344,185 1
344,212 1
344,257 1
344,104 1
344,67 1
344,311 1
67,141 1
67,345 1
67,212 1
67,69 1
67,142 1
67,55 1
67,45 1
67,297 1
67,109 1
67,104 1
67,123 1
67,290 1
67,75 1
67,248 1
67,156 1
67,113 1
67,224 1
67,66 1
67,134 1
67,277 1
67,72 1
67,21 1
67,79 1
67,25 1
67,303 1
67,185 1
67,10 1
67,169 1
67,334 1
67,40 1
118,325 3
118,261 3
118,13 3
118,161 3
118,268 3
118,331 3
118,29 3
118,222 3
118,342 3
118,203 3
118,16 3
118,265 3
118,238 3
118,59 3
325,261 3
325,161 3
325,222 3
325,13 3
325,265 3
325,59 3
325,203 3
325,268 3
325,223 3
325,342 3
325,238 3
277,248 1
277,39 1
277,105 1
277,50 1
277,142 1
277,21 1
277,55 1
277,334 1
277,25 1
277,169 1
277,208 1
277,294 1
277,132 1
277,113 1
277,40 1
277,311 1
277,10 1
277,109 1
277,290 1
277,104 1
277,134 1
134,21 1
134,132 1
134,66 1
134,142 1
134,113 1
134,334 1
134,248 1
270,76 3
270,203 3
36,251 4
36,309 4
36,320 4
36,284 4
36,197 4
36,108 4
36,184 4
36,281 4
223,203 3
223,261 3
223,13 3
223,265 3
223,342 3
223,128 3
274,21 1
274,341 1
274,96 1
274,185 1
274,75 1
274,40 1
274,85 1
88,126 2
88,164 2
88,1 2
88,80 2
88,336 2
88,242 2
21,212 1
21,55 1
21,66 1
21,169 1
21,297 1
21,235 1
21,334 1
21,142 1
21,105 1
21,232 1
21,248 1
21,121 1
21,109 1
21,165 1
21,104 1
21,39 1
21,345 1
21,40 1
21,25 1
21,123 1
339,168 5
339,136 5
339,340 5
339,31 5
339,22 5
339,246 5
339,129 5
339,87 5
339,158 5
339,146 5
339,7 5
339,291 5
339,347 5
108,197 4
108,284 4
108,281 4
108,251 4
108,320 4
108,184 4
108,159 4
197,139 4
197,251 4
197,320 4
197,284 4
197,281 4
197,309 4
197,159 4
197,184 4
169,185 1
169,40 1
169,25 1
169,257 1
169,10 1
169,248 1
169,334 1
169,318 1
169,125 1
169,104 1
169,165 1
169,142 1
169,109 1
169,113 1
169,121 1
275,273 8
275,218 8
275,328 8
275,195 8
275,78 8
275,181 8
275,306 8
275,152 8
275,4 8
273,78 8
273,328 8
273,218 8
273,181 8
273,195 8
273,4 8
273,306 8
83,51 6
83,237 6
28,312 7
28,310 7
28,144 7
28,115 7
28,151 7
28,226 7
28,326 7
28,14 7
28,140 7
28,41 7
28,149 7
312,137 7
312,243 7
312,149 7
312,326 7
312,19 7
312,111 7
312,115 7
312,262 7
312,14 7
312,44 7
312,226 7
312,305 7
312,220 7
312,20 7
312,17 7
312,2 7
312,140 7
312,343 7
312,214 7
312,162 7
312,151 7
312,41 7
312,144 7
242,92 2
242,330 2
242,266 2
242,249 2
242,180 2
242,80 2
242,101 2
242,302 2
242,94 2
242,187 2
214,20 7
214,326 7
214,137 7
214,19 7
214,41 7
214,111 7
214,140 7
214,14 7
214,115 7
214,289 7
214,333 7
214,17 7
214,230 7
214,343 7
20,333 7
20,149 7
20,14 7
20,2 7
20,44 7
20,115 7
20,226 7
20,41 7
20,111 7
20,162 7
20,326 7
20,343 7
307,71 7
307,230 7
71,230 7
333,2 7
333,149 7
333,343 7
333,226 7
333,162 7
168,31 5
168,347 5
168,129 5
168,7 5
168,22 5
168,291 5
168,158 5
308,31 5
308,246 5
308,7 5
308,87 5
308,136 5
308,22 5
128,265 3
128,203 3
334,113 1
334,123 1
334,132 1
334,40 1
334,165 1
334,142 1
334,229 1
334,50 1
334,318 1
334,66 1
238,265 3
238,342 3
238,222 3
238,13 3
238,203 3
238,59 3
238,261 3
238,106 3
265,203 3
265,298 3
265,331 3
265,342 3
265,13 3
265,261 3
141,224 1
141,72 1
141,257 1
141,38 1
141,258 1
141,39 1
141,25 1
141,40 1
78,218 8
78,328 8
78,306 8
78,181 8
78,195 8
78,4 8
345,142 1
345,178 1
345,303 1
345,45 1
317,158 5
317,146 5
158,22 5
158,291 5
158,5 5
158,60 5
38,178 1
38,248 1
302,266 2
302,94 2
302,249 2
302,187 2
302,330 2
302,101 2
302,92 2
302,180 2
54,1 2
139,159 4
139,320 4
139,281 4
139,184 4
139,251 4
139,284 4
109,303 1
109,148 1
109,142 1
109,229 1
109,104 1
109,295 1
109,50 1
109,297 1
291,31 5
291,7 5
291,60 5
291,129 5
291,87 5
142,66 1
142,10 1
142,113 1
142,104 1
142,303 1
142,45 1
142,297 1
142,40 1
142,123 1
203,59 3
203,161 3
203,331 3
203,338 3
203,268 3
203,261 3
203,342 3
203,29 3
105,257 1
105,69 1
105,148 1
105,25 1
105,39 1
232,224 1
232,25 1
232,212 1
232,40 1
232,72 1
64,217 9
64,171 9
64,150 9
64,189 9
64,100 9
217,189 9
217,100 9
217,171 9
217,150 9
248,311 1
126,1 2
224,96 1
224,40 1
224,148 1
224,25 1
224,30 1
261,16 3
261,268 3
261,13 3
261,59 3
261,314 3
261,342 3
283,25 1
283,228 1
144,226 7
144,326 7
144,14 7
144,343 7
144,151 7
144,17 7
144,41 7
144,115 7
144,149 7
144,140 7
226,343 7
226,149 7
226,115 7
226,14 7
226,2 7
226,41 7
226,326 7
290,25 1
290,185 1
25,257 1
25,104 1
25,148 1
25,69 1
25,72 1
25,297 1
25,113 1
25,185 1
25,40 1
25,39 1
25,79 1
25,221 1
342,59 3
342,314 3
342,13 3
146,136 5
300,94 2
300,80 2
94,330 2
94,80 2
94,92 2
94,180 2
94,101 2
94,187 2
94,249 2
94,266 2
1,92 2
184,159 4
184,284 4
184,320 4
184,281 4
184,309 4
184,251 4
159,284 4
159,281 4
159,320 4
149,343 7
149,326 7
149,162 7
149,115 7
149,2 7
149,14 7
13,59 3
59,250 3
59,268 3
17,326 7
17,310 7
17,140 7
17,41 7
17,111 7
17,19 7
17,137 7
17,115 7
326,343 7
326,140 7
326,162 7
326,115 7
326,41 7
326,137 7
326,14 7
326,2 7
326,111 7
80,187 2
80,330 2
80,101 2
80,266 2
80,180 2
80,92 2
80,249 2
187,249 2
187,101 2
187,92 2
187,180 2
187,266 2
161,314 3
66,113 1
31,129 5
31,7 5
136,7 5
136,87 5
136,324 5
136,120 5
136,246 5
7,246 5
7,129 5
7,22 5
7,340 5
7,347 5
7,87 5
255,49 7
49,192 7
49,241 7
320,309 4
320,281 4
320,251 4
320,284 4
85,156 1
85,258 1
85,75 1
246,87 5
246,340 5
123,104 1
123,318 1
123,55 1
284,251 4
284,281 4
284,309 4
140,137 7
140,115 7
140,41 7
137,115 7
137,167 7
137,111 7
137,289 7
137,41 7
137,310 7
137,93 7
137,32 7
137,243 7
137,337 7
343,115 7
343,111 7
343,2 7
343,162 7
343,44 7
343,19 7
343,41 7
343,14 7
115,2 7
115,19 7
115,14 7
115,262 7
115,41 7
115,220 7
115,192 7
297,185 1
185,55 1
185,79 1
185,148 1
104,303 1
104,113 1
104,318 1
104,45 1
104,295 1
104,55 1
104,212 1
324,301 5
324,22 5
324,340 5
171,107 9
171,150 9
171,189 9
171,58 9
111,279 7
111,337 7
111,310 7
111,44 7
111,41 7
111,93 7
14,151 7
14,41 7
14,310 7
310,32 7
310,151 7
310,93 7
310,167 7
310,41 7
310,337 7
310,243 7
32,167 7
32,337 7
32,93 7
30,303 1
30,178 1
92,180 2
92,196 2
92,330 2
92,266 2
92,249 2
92,101 2
72,40 1
72,165 1
72,113 1
72,212 1
72,132 1
40,77 1
40,212 1
40,132 1
40,257 1
40,258 1
40,113 1
266,249 2
266,330 2
266,196 2
266,101 2
266,180 2
212,295 1
278,177 6
278,86 6
278,143 6
278,225 6
278,99 6
278,131 6
278,227 6
237,51 6
311,132 1
309,281 4
309,251 4
330,249 2
330,196 2
330,101 2
230,70 7
230,41 7
230,97 7
230,253 7
16,331 3
16,29 3
249,196 2
249,180 2
249,101 2
39,121 1
39,257 1
39,165 1
39,69 1
251,281 4
69,121 1
113,132 1
113,50 1
113,148 1
113,165 1
113,121 1
258,257 1
258,295 1
258,156 1
258,75 1
257,295 1
196,180 2
156,295 1
156,235 1
303,45 1
303,221 1
303,132 1
303,178 1
286,81 9
81,269 9
174,293 7
174,112 7
174,19 7
293,19 7
33,42 10
347,129 5
347,22 5
263,99 6
263,68 6
263,102 6
263,227 6
263,296 6
338,29 3
19,112 7
19,138 7
19,289 7
19,41 7
218,328 8
218,181 8
218,195 8
218,4 8
218,306 8
5,87 5
5,316 5
178,206 1
192,205 7
192,52 7
243,41 7
243,216 7
243,167 7
243,337 7
195,181 8
195,306 8
195,4 8
195,328 8
181,152 8
181,328 8
181,306 8
181,4 8
8,245 6
8,259 6
8,91 6
8,264 6
8,201 6
8,110 6
8,193 6
245,91 6
245,259 6
328,306 8
328,4 8
150,100 9
150,163 9
150,189 9
101,180 2
99,296 6
99,131 6
99,68 6
99,102 6
99,225 6
99,177 6
99,227 6
99,143 6
296,102 6
296,227 6
296,68 6
102,227 6
163,173 9
163,100 9
173,34 9
173,166 9
173,202 9
165,121 1
121,206 1
306,4 8
177,143 6
177,68 6
177,227 6
177,131 6
177,225 6
177,86 6
87,22 5
189,100 9
259,201 6
259,110 6
259,91 6
259,193 6
259,264 6
45,221 1
45,132 1
58,269 9
58,107 9
269,100 9
167,93 7
167,337 7
227,225 6
227,143 6
227,68 6
227,131 6
227,86 6
91,193 6
91,264 6
91,110 6
91,201 6
143,131 6
143,68 6
143,225 6
143,35 6
143,321 6
61,193 6
93,337 7
93,41 7
41,151 7
41,337 7
41,44 7
6,89 11
6,147 11
6,319 11
6,219 11
6,95 11
89,319 11
89,327 11
89,95 11
89,219 11
89,147 11
301,47 5
106,29 3
110,264 6
225,86 6
225,68 6
225,131 6
152,4 8
148,50 1
148,229 1
260,160 1
260,206 1
262,220 7
97,182 7
124,157 6
90,179 12
179,145 12
157,155 6
327,95 11
327,319 11
95,319 11
95,147 11
120,247 5
282,244 13
319,219 11
319,147 11
233,256 14
166,202 9
166,198 9
147,219 11
77,294 1
219,154 11
182,253 7
