#ProcessedFacebook0
#Multilevel
#Time taken 0.015618562698364258s
236,186
271,304
130,329
252,332
84,236
322,53
170,56
285,103
23,116
119,323
200,98
199,304
56,67
188,119
134,56
223,170
88,21
339,119
169,271
88,186
213,186
207,322
308,277
186,341
128,9
334,252
317,158
98,21
109,118
252,291
203,332
239,62
224,261
119,48
119,170
285,146
83,25
332,13
25,94
325,109
224,84
161,308
48,320
109,56
109,119
272,186
200,123
285,246
271,188
31,277
56,26
345,159
320,48
185,271
308,142
9,252
1,315
280,1
277,271
56,88
9,203
134,118
332,104
40,199
212,67
82,169
270,203
308,172
146,313
168,304
332,98
169,136
56,141
239,141
21,212
176,128
203,25
265,40
26,252
172,232
272,159
304,249
313,21
329,291
342,67
21,55
261,113
55,200
13,277
285,136
80,320
252,248
313,54
82,231
342,119
304,325
136,156
271,30
341,186
332,38
271,232
212,304
141,172
25,186
252,236
56,185
19,175
303,104
339,161
119,39
104,303
272,203
21,56
7,213
5,122
55,21
178,38
186,109
203,21
285,271
104,322
304,324
113,104
56,297
332,329
331,109
150,128
304,308
284,21
239,21
340,213
172,277
13,188
172,141
272,346
199,119
248,38
196,67
304,172
30,56
60,285
346,184
185,344
184,329
285,213
67,55
98,285
118,283
271,133
230,23
203,161
113,261
116,23
315,80
23,227
72,252
331,324
188,104
239,276
23,61
325,21
235,5
271,79
40,213
119,285
56,132
122,284
322,48
277,308
106,29
252,109
252,134
104,67
325,161
322,203
280,98
344,257
184,21
119,332
277,324
232,56
315,213
322,136
26,199
45,104
98,148
185,55
295,239
252,113
323,119
295,104
232,212
161,56
119,252
313,26
108,21
271,21
67,136
329,272
203,297
161,118
170,250
324,118
318,119
38,141
123,334
53,322
203,67
315,249
119,185
21,223
109,186
322,56
123,67
144,23
56,75
98,122
31,291
272,108
118,26
232,298
26,265
298,40
186,178
161,252
87,161
203,200
252,200
23,175
186,345
239,323
291,213
56,66
124,170
290,56
109,324
128,322
26,203
119,313
186,9
67,203
213,87
21,342
329,184
67,212
26,308
159,172
56,119
23,245
322,60
176,239
169,56
322,1
1,133
304,212
346,320
113,342
148,119
30,48
56,161
103,339
56,62
73,331
57,277
113,119
322,130
56,332
67,123
199,315
56,272
87,315
56,221
48,54
98,113
56,169
126,322
67,119
271,332
249,315
128,176
239,232
21,184
184,346
324,109
82,158
119,176
277,186
118,200
248,53
323,103
285,313
128,26
178,213
213,246
334,339
25,119
67,186
122,128
142,271
119,122
103,169
66,56
239,322
142,31
332,331
313,315
324,136
50,314
277,175
178,88
170,128
161,339
324,22
119,271
280,252
94,320
136,56
203,9
200,199
185,103
276,98
21,239
315,313
277,57
96,190
141,199
247,29
25,104
56,122
211,272
55,170
271,25
213,345
304,203
127,21
72,56
322,128
94,315
21,203
188,56
317,132
186,45
161,87
277,325
100,323
246,315
170,342
322,118
113,271
239,122
25,252
239,26
197,272
104,200
84,224
188,239
125,119
272,211
103,285
315,203
170,268
48,203
239,119
104,25
257,344
203,170
248,252
56,9
186,62
85,271
265,67
236,88
119,199
332,203
277,55
324,332
322,246
271,276
338,31
308,21
98,280
31,200
119,208
142,104
346,127
271,322
22,277
332,324
133,271
9,128
236,271
158,339
84,82
53,54
185,119
13,236
277,120
297,203
346,272
213,272
82,148
56,334
200,55
56,136
185,22
13,148
54,1
40,271
239,109
271,277
276,271
146,50
329,332
186,285
169,318
291,31
62,239
186,67
119,109
26,271
329,197
21,119
109,331
175,19
67,196
121,206
271,141
104,26
9,199
320,300
21,88
55,277
291,7
30,73
186,200
242,158
119,188
203,308
342,21
339,148
324,213
285,164
252,322
186,170
53,332
295,212
21,136
213,96
315,98
325,26
29,231
315,128
54,313
87,213
119,280
119,128
158,82
271,142
103,136
227,23
329,106
341,56
272,271
56,30
186,21
206,178
31,338
325,200
109,252
88,106
136,304
170,260
322,88
188,342
67,252
308,338
98,272
304,98
21,308
67,325
26,55
239,67
170,271
199,113
67,271
261,297
339,334
134,252
322,308
119,82
122,123
158,22
239,169
239,295
199,134
9,119
25,199
184,57
119,26
60,291
7,65
129,291
119,125
119,325
271,119
186,236
277,98
120,277
5,315
252,25
125,169
224,213
99,23
136,122
56,277
82,170
88,322
325,304
313,170
199,291
324,199
130,25
88,303
271,170
175,277
104,188
302,315
118,324
30,329
104,169
339,313
122,31
308,323
186,221
161,271
203,285
338,308
67,128
248,119
136,169
132,119
199,9
128,170
308,26
122,203
277,159
315,324
280,239
251,21
169,104
199,40
186,322
236,13
252,315
40,329
212,232
271,236
130,257
297,65
26,298
98,141
119,13
56,231
75,56
345,186
25,88
38,248
186,188
200,271
122,261
204,329
62,223
285,196
96,213
315,329
271,185
67,104
13,67
213,315
186,323
213,128
67,213
9,342
297,252
56,72
122,55
249,304
344,185
342,165
7,322
322,242
123,26
322,329
113,313
261,122
142,56
211,285
344,67
329,16
122,56
67,13
109,203
21,271
297,56
291,87
128,213
342,277
271,176
322,104
21,281
315,302
304,56
26,128
148,339
67,344
213,122
315,56
332,16
252,122
26,118
56,40
277,213
113,325
50,203
168,291
213,161
291,252
186,142
26,98
223,200
213,40
113,172
261,345
332,252
186,213
239,25
134,203
119,50
329,308
336,25
314,50
106,88
203,334
161,199
104,113
1,280
169,5
322,250
322,339
1,119
339,277
304,239
271,40
50,146
103,25
56,290
40,29
329,130
56,276
118,277
315,223
118,304
277,339
212,40
56,322
271,285
320,272
123,200
50,119
272,213
103,7
170,82
223,315
203,272
334,203
104,122
200,56
159,277
304,271
332,119
322,252
104,142
186,277
324,252
82,121
156,136
50,331
325,122
30,331
119,331
308,213
252,79
109,104
98,315
158,242
122,342
324,238
67,265
248,311
223,246
159,345
56,291
170,124
130,322
281,21
252,26
203,50
342,170
315,211
231,172
325,40
285,186
239,66
277,252
281,272
246,223
104,21
25,51
325,158
314,96
252,308
5,87
172,72
261,67
113,239
141,98
127,272
113,203
329,322
56,304
277,22
169,125
122,344
313,146
314,236
252,66
313,285
128,248
132,311
25,84
146,339
303,56
315,246
26,123
25,336
142,123
324,331
122,252
297,324
98,26
329,9
331,30
203,109
290,342
73,30
315,136
271,297
146,285
242,132
285,60
30,271
55,67
329,320
51,25
87,322
252,272
213,324
341,203
136,322
119,229
40,317
342,290
98,170
30,213
307,40
56,188
57,108
146,136
40,239
285,119
169,128
62,199
119,9
136,21
176,271
322,186
203,315
197,21
304,168
172,308
203,119
252,72
252,31
146,148
56,200
148,82
7,103
79,252
325,277
21,197
271,272
200,31
199,25
186,26
252,285
322,260
128,122
272,281
98,25
324,304
122,325
323,56
285,211
212,295
136,146
239,277
339,152
342,113
311,277
67,313
29,40
56,21
57,184
61,23
334,308
190,96
109,271
185,56
122,271
9,56
246,213
285,56
325,119
108,272
55,122
271,9
172,329
172,26
246,322
322,199
98,119
200,325
332,271
48,119
188,252
285,342
141,239
224,271
25,31
40,265
55,26
271,315
239,200
158,325
118,161
329,178
199,67
315,339
67,223
25,271
271,113
67,239
304,252
178,206
103,200
304,211
213,332
172,332
284,329
285,261
21,159
73,25
200,104
119,277
213,277
314,161
325,25
84,265
67,56
238,134
82,67
21,13
242,322
342,188
200,324
119,239
31,109
239,176
203,26
329,280
113,98
272,98
236,213
291,199
223,67
119,297
340,324
237,25
142,308
304,7
65,25
62,318
345,252
232,199
21,104
67,308
21,98
221,56
21,251
40,212
252,119
322,239
106,238
318,236
67,324
200,239
123,142
26,239
213,30
66,239
239,170
136,213
204,277
98,258
291,129
280,271
272,239
128,334
331,119
315,271
186,303
223,188
130,62
109,314
88,56
231,213
122,186
161,314
165,342
84,25
325,67
324,315
169,239
291,56
271,26
345,261
311,132
213,322
23,99
298,72
25,56
172,304
252,142
347,304
25,331
320,94
159,272
45,186
212,72
332,56
200,118
9,329
25,239
245,23
62,98
285,98
56,303
239,213
84,304
252,67
13,21
265,84
231,29
304,199
332,48
65,297
277,311
272,127
197,329
313,113
261,224
320,57
332,172
108,57
322,38
62,261
199,324
252,169
40,307
322,126
128,150
304,347
308,334
318,169
38,117
80,173
21,31
322,87
141,271
173,80
103,323
199,231
252,345
323,271
297,261
239,113
72,172
84,276
118,67
54,53
203,142
170,313
277,119
320,329
31,252
313,39
170,203
94,25
26,13
98,291
325,113
109,13
329,315
141,38
156,5
291,60
172,113
117,38
98,67
122,5
21,123
261,148
271,290
16,329
118,134
60,322
297,119
118,109
119,113
79,271
239,188
118,322
168,158
271,224
40,203
212,26
213,224
252,9
9,186
322,207
103,185
148,146
271,148
106,329
104,45
56,170
252,21
323,239
271,169
271,291
304,84
48,332
213,285
211,304
236,314
199,322
26,313
98,62
56,109
339,260
141,56
72,199
291,98
31,142
82,119
252,324
239,280
252,280
48,271
31,280
23,230
159,21
38,178
109,31
318,62
25,103
7,291
248,128
21,325
231,82
22,324
272,320
67,31
132,56
84,313
308,203
79,119
142,186
105,119
276,239
128,169
252,277
324,277
161,213
172,40
203,134
342,322
203,113
22,185
53,315
113,252
236,252
339,322
13,26
13,304
54,48
239,272
188,271
277,239
146,119
261,119
163,249
104,109
261,285
271,323
248,265
109,98
26,119
271,48
122,104
119,342
229,190
88,236
66,252
232,239
320,346
329,30
56,232
199,288
246,304
172,159
222,240
308,329
170,211
13,109
238,324
322,213
96,314
119,146
315,87
136,285
213,136
223,21
203,322
5,158
200,203
213,340
38,322
276,56
142,252
65,7
26,172
339,65
308,304
324,200
31,67
199,62
339,315
29,106
236,1
252,297
232,172
331,332
170,223
324,297
268,170
251,122
148,13
53,248
26,223
21,252
175,23
200,103
72,212
277,172
291,168
339,291
314,109
87,5
331,50
119,132
72,329
277,342
272,184
48,199
271,109
239,72
213,178
119,79
119,203
339,146
31,21
203,304
261,62
56,213
19,319
203,48
25,325
329,204
319,19
227,19
104,277
315,5
119,105
252,161
303,88
203,324
109,239
119,200
322,342
277,31
67,118
342,122
199,48
178,186
25,98
119,25
260,322
332,53
5,235
134,238
303,186
252,304
122,98
315,252
313,84
308,67
1,236
238,106
283,118
272,329
196,285
334,128
31,25
161,203
277,168
119,21
31,122
280,119
334,56
318,334
334,123
25,203
315,53
29,247
231,329
119,148
277,118
203,277
280,329
199,232
89,19
239,304
119,56
344,122
31,304
19,227
200,186
98,276
213,303
280,31
240,222
170,186
315,94
288,199
40,325
315,199
272,197
62,130
121,82
223,26
298,26
213,239
284,122
158,5
7,304
80,315
48,322
23,144
334,318
132,317
25,73
40,172
304,136
62,56
239,231
224,324
211,170
170,55
303,239
213,7
1,322
56,134
128,315
25,130
345,213
252,334
56,323
308,161
277,104
72,239
190,229
322,7
123,122
300,320
21,108
203,122
213,231
128,119
311,248
313,339
158,317
130,277
199,161
25,237
67,199
169,82
152,339
239,285
119,67
277,13
56,285
67,342
239,303
133,1
323,186
297,271
265,248
277,56
231,56
271,280
148,98
65,339
104,332
271,122
324,340
128,67
60,158
324,203
186,272
26,325
339,103
113,56
329,231
271,72
67,98
57,320
257,130
276,84
119,339
67,261
104,295
169,103
113,186
329,172
119,98
313,67
186,113
82,84
277,203
212,21
308,252
21,186
298,232
168,277
342,9
22,158
258,98
200,119
199,141
170,98
1,54
221,186
277,130
136,315
315,7
5,169
213,67
304,118
213,236
7,315
213,291
136,324
39,313
331,73
271,161
38,332
40,56
329,284
25,83
329,40
323,308
236,318
136,103
249,163
285,239
26,104
123,21
271,85
290,271
272,252
56,25
56,315
329,72
19,89
122,213
122,119
308,322
134,199
186,122
291,329
285,252
13,119
200,223
271,200
231,239
323,100
72,298
26,186
178,329
213,308
272,56
250,322
39,119
203,40
148,261
48,30
252,188
56,341
127,346
277,204
188,223
148,271
260,339
158,168
231,199
271,67
176,119
223,62
291,271
250,170
308,66
184,272
13,332
21,284
9,271
122,281
188,186
208,119
5,156
200,252
40,298
16,332
186,88
211,315
72,271
285,203
260,170
229,119
161,325
136,67
199,72
164,285
132,242
239,40
21,313
113,199
313,119
119,1
203,341
119,248
98,200
232,271
21,127
142,203
304,246
25,65
55,185
213,56
332,213
324,224
246,285
303,213
142,239
172,231
188,13
98,304
170,239
236,84
67,82
170,119
87,291
199,200
320,80
122,239
62,186
203,270
239,142
98,109
119,318
119,261
206,121
324,67
88,178
56,113
25,246
199,26
304,31
186,25
98,277
26,56
317,40
281,122
265,26
304,13
66,308
315,1
158,60
246,25
122,136
331,25
122,251
342,285
339,158
56,142
109,325
252,170
169,252
170,252
322,271
88,25
26,212
98,332
291,339
